191	0.0	313	0.0763889	312	0.0791667	361	0.0805556	151	0.118889	150	0.1825	336	0.406111	395	0.453611	436	0.532222	314	0.537222	317	0.558611	320	0.598333	214	0.616389	357	0.679167	153	0.760278	480	0.967222	435	1.0025	479	1.02944	303	1.20778	396	1.26667	426	3.47361	318	4.25389	362	4.25667	127	6.28278	403	9.3	475	9.30111	413	9.33028	424	9.33889	354	9.77306	359	21.0583	
84	0.0	49	3.47361	45	3.47611	61	3.91	205	4.3975	47	11.7444	219	14.5811	380	14.8533	384	15.3639	127	16.3675	221	17.3011	48	17.6506	348	18.3314	220	21.325	42	24.3789	338	28.6731	195	33.4917	223	33.8578	131	33.9328	248	33.9811	197	34.6286	44	49.4653	
26	0.0	210	5.15583	41	5.22444	204	5.69972	202	7.83917	219	7.93028	228	9.86944	57	11.1489	126	12.4719	198	13.2336	153	15.7503	200	18.1933	125	18.9633	127	19.8047	235	21.4578	124	25.8903	443	26.2728	136	37.4017	
100	0.0	41	2.08222	45	2.83444	126	4.66306	337	12.05	219	14.0778	221	14.9547	204	16.9428	237	17.27	235	21.7431	228	21.7558	43	23.5883	220	24.7306	44	28.835	136	31.5258	481	35.4781	234	35.4925	127	43.3008	
191	0.0	396	1.32639	353	1.81222	487	3.86583	196	5.51944	317	5.81472	314	6.59528	151	7.20639	137	7.41389	150	8.55417	320	8.69917	436	10.075	357	24.1631	427	26.1875	359	27.4764	
170	0.0	235	4.72611	201	8.23667	57	8.54972	210	9.61472	198	10.4794	241	13.1719	41	13.3281	200	16.0278	240	18.5214	203	21.1344	124	21.6656	219	28.1856	204	29.9969	227	29.9978	
5	0.0	257	14.3858	41	19.5689	124	21.4031	233	21.7411	303	22.9431	127	27.7572	248	27.8081	42	28.4478	320	29.0664	132	39.9661	245	41.9219	247	46.9028	207	48.8861	
64	0.0	229	2.22417	260	4.16556	245	4.53889	467	12.5222	226	25.6728	65	28.3544	228	31.355	130	34.8597	41	34.9892	124	35.0472	123	39.4025	127	40.1514	135	46.265	
5	0.0	427	1.64528	354	3.28639	357	3.83417	320	4.53417	487	5.04583	475	5.66083	151	8.02	421	10.795	317	13.3889	407	15.7222	209	19.1539	208	33.0908	
177	0.0	304	0.64	359	0.645556	314	0.709167	128	1.74889	419	1.79778	317	2.14722	470	2.46611	431	2.57694	320	5.22361	150	11.5531	386	14.2517	421	15.1264	
398	0.0	357	1.54917	214	2.075	320	3.31667	385	4.31722	392	5.245	399	11.1592	475	11.1772	356	11.7014	425	14.2647	226	14.3433	396	20.6239	482	33.6767	
89	0.0	357	1.69389	1	11.7458	137	11.915	437	18.7017	386	22.1608	368	30.7592	483	32.1822	361	36.8158	360	37.265	20	40.5361	42	45.1203	
41	0.0	203	1.39583	227	1.96639	124	1.97028	240	5.80361	202	5.80861	222	19.9764	44	20.9994	228	21.1	206	28.5075	237	35.3619	195	40.8939	
96	0.0	432	8.66583	344	8.81778	221	9.05972	247	14.6081	198	15.3128	48	15.8975	220	15.9203	127	22.3956	47	23.6586	228	33.0917	259	36.5222	
157	0.0	336	0.399444	396	1.43944	196	3.17139	313	3.49917	370	3.77444	430	26.6597	399	27.1603	20	28.0425	472	42.0928	377	47.7833	
162	0.0	451	0.756389	370	7.53861	396	8.06806	322	8.82583	377	9.61889	196	9.995	153	10.4544	317	11.4194	361	15.1664	397	36.5728	
5	0.0	257	0.8725	449	1.83611	233	4.3275	357	7.08333	41	10.4294	326	10.6081	125	13.2275	407	13.7736	207	25.5778	195	44.4775	
254	0.0	41	0.2525	221	4.83	203	8.23222	124	8.24417	235	8.39194	222	9.75	204	11.1556	210	12.3058	229	25.9608	63	29.6889	
92	0.0	340	4.56167	69	10.2322	201	11.6311	48	13.5989	42	19.3158	46	25.6881	217	31.1008	57	35.1742	460	36.0106	216	42.5294	
98	0.0	41	1.85417	128	11.415	223	12.9442	209	24.0294	42	28.7561	46	29.6444	123	30.06	208	31.8889	140	49.3564	
117	0.0	41	8.15306	237	9.27528	210	10.8183	337	11.0533	221	11.5183	222	12.5844	200	16.6917	63	23.5514	228	26.4333	
119	0.0	357	0.518889	151	0.663333	396	0.683889	128	0.748611	395	0.841389	155	2.27389	127	3.01972	475	10.3719	
26	0.0	41	0.635556	203	7.08917	197	12.2472	210	13.78	204	21.7875	124	23.8025	225	27.4992	127	37.7742	
16	0.0	312	0.499444	315	3.02056	455	3.08639	196	4.3725	412	7.62917	357	9.86306	403	10.4617	314	24.6231	
26	0.0	235	0.905833	124	3.56111	225	3.56139	221	12.4272	219	13.4806	127	13.8364	337	22.4042	204	41.3014	
26	0.0	241	2.58222	194	4.42944	228	7.79944	220	25.1661	131	30.4375	196	40.0861	47	41.135	127	44.1394	
171	0.0	354	1.13361	311	2.24667	315	11.9092	312	11.9986	421	15.5275	353	15.5681	475	18.6725	356	36.3947	
332	0.0	403	3.45389	320	7.11694	357	9.58528	315	13.4011	314	15.5444	425	15.6092	424	18.4256	356	24.3897	
106	0.0	241	0.363056	195	2.28583	228	18.0989	240	20.7411	259	23.9353	128	27.1219	226	48.1675	
295	0.0	445	2.40333	290	5.25722	286	15.3917	289	21.2533	291	29.4747	294	38.2358	292	43.8858	
255	0.0	45	0.534722	205	2.59667	125	2.80917	380	8.86083	384	11.2228	337	13.5758	41	14.7742	
90	0.0	380	8.60972	50	10.8511	384	11.6483	212	12.6314	41	19.5119	124	22.6528	225	23.6839	
188	0.0	45	3.57917	338	3.69917	205	3.96694	126	9.03694	127	10.6944	125	12.0736	221	18.46	
250	0.0	133	5.76944	41	8.66028	203	8.79694	124	9.26778	125	11.6872	247	14.8014	389	25.1925	
254	0.0	41	0.816667	127	1.735	237	10.1056	45	16.2836	205	16.4775	338	17.5144	124	41.865	
295	0.0	290	2.50028	293	6.28333	287	6.52806	288	6.58611	292	11.0617	289	11.6128	445	13.0125	
109	0.0	361	4.91306	467	10.3225	233	13.3489	131	15.0222	65	15.6694	42	26.7142	139	28.7008	
89	0.0	396	1.69583	377	1.95528	155	4.52083	127	5.14528	431	5.65611	317	7.54778	363	22.5769	
25	0.0	126	0.512222	150	3.1275	155	6.55694	314	9.99889	396	15.1331	41	39.3164	127	46.1819	
174	0.0	396	0.361389	320	4.84583	353	5.01472	150	5.08583	357	8.25778	419	8.25972	324	24.8481	
31	0.0	226	0.0808333	42	5.56778	131	15.1217	463	15.1342	155	28.8414	133	30.6331	363	48.78	
177	0.0	480	0.178889	357	2.28667	150	2.35639	427	2.36694	214	2.435	45	14.0261	205	14.1261	
7	0.0	25	5.87694	336	6.72833	374	6.88472	196	7.05111	150	8.28611	353	8.36361	
13	0.0	374	3.51583	126	9.48028	206	10.3108	325	18.9836	216	31.8281	49	43.5628	
193	0.0	151	1.79722	127	2.02972	463	4.07361	150	4.11556	143	8.04778	427	13.1919	
288	0.0	289	10.9381	291	19.1594	294	27.9206	290	32.1092	292	33.5706	286	37.8567	
371	0.0	319	5.26472	435	16.5169	472	17.7719	360	23.1169	377	23.8461	361	24.8039	
327	0.0	314	6.46528	339	15.7111	426	17.1328	402	22.6667	319	30.8114	391	41.405	
236	0.0	41	4.30028	241	7.40028	127	8.46	124	9.05278	203	9.79083	131	10.1314	
333	0.0	317	12.8336	403	12.9147	426	13.2297	449	17.6122	487	17.7581	388	18.9536	
191	0.0	151	0.223333	150	0.878889	314	0.879722	320	2.74056	303	4.50667	127	7.23167	
23	0.0	396	1.59361	320	19.2697	303	22.9233	155	42.3917	127	42.7203	487	44.8428	
92	0.0	242	6.60361	141	11.4561	41	44.8511	127	45.4011	125	45.8186	216	45.9881	
92	0.0	150	19.4081	41	21.3211	127	21.8711	216	21.9553	125	22.2886	57	42.0458	
264	0.0	126	14.1508	225	16.5475	45	24.1492	205	24.6353	338	24.7911	125	26.1	
273	0.0	392	1.27583	391	4.28583	424	9.30778	406	14.7106	357	25.7969	304	33.3644	
333	0.0	430	7.94889	320	11.2961	403	12.6567	421	15.0864	487	33.5403	427	40.0072	
112	0.0	237	0.649167	41	1.46778	225	2.04722	201	6.03194	202	8.87389	233	15.12	
35	0.0	392	10.4733	434	12.4211	320	14.6356	463	18.4447	403	22.0214	487	36.0286	
295	0.0	445	4.96111	289	5.10639	293	5.12	287	18.9908	291	25.0414	288	29.8903	
107	0.0	41	21.1856	220	27.3422	229	34.5972	245	36.5858	124	43.4789	42	48.3403	
148	0.0	196	13.0039	455	13.1317	315	13.8272	435	14.2844	431	16.7975	320	16.9578	
117	0.0	211	0.204722	205	0.291111	41	2.04833	127	2.12389	124	11.0767	217	18.5472	
91	0.0	323	4.60028	128	5.65722	396	5.87556	357	7.04528	362	7.11778	324	27.4261	
41	0.0	235	1.4425	198	19.9261	201	20.8931	43	21.0658	200	30.0333	210	36.9683	
21	0.0	318	0.0225	214	0.0697222	485	0.559167	150	0.587778	45	11.6608	205	11.7608	
236	0.0	41	0.472778	225	4.1325	127	11.6186	125	26.7839	124	27.7283	
70	0.0	399	6.20194	377	14.1417	396	20.9258	431	22.435	153	38.4978	
23	0.0	396	1.94778	151	4.52056	355	6.86333	215	36.4403	431	49.1158	
237	0.0	41	11.4825	203	17.6656	124	18.0147	125	18.2361	337	25.6986	
327	0.0	315	3.33556	314	3.55639	392	12.7056	426	15.8406	403	29.9225	
156	0.0	141	7.99806	41	16.2808	127	23.4503	125	26.2544	150	49.1583	
289	9.36083	291	17.5822	294	26.3433	290	30.5319	292	31.9933	286	36.2794	
287	0.0	289	3.64389	294	20.6264	290	24.815	292	26.2764	286	30.5625	
17	0.0	45	2.3725	205	3.18222	125	4.85278	126	10.7772	127	13.2258	
343	0.0	213	2.82806	47	11.1697	219	27.9358	221	32.5294	61	35.9031	
101	0.0	228	13.6619	230	38.1122	150	39.6181	216	42.1653	126	44.2211	
295	0.0	293	5.81861	292	6.62833	294	11.6114	445	17.1044	291	25.985	
37	0.0	19	4.06583	313	15.6703	314	16.1717	397	17.1628	357	19.9722	
88	0.0	41	2.8475	200	12.6608	198	15.7133	63	42.1375	235	48.57	
71	0.0	201	11.4667	41	12.2831	124	15.9847	125	16.3189	227	27.6364	
123	0.0	41	4.99111	127	5.43333	124	8.42028	125	8.75472	141	12.1997	
41	0.0	247	2.18944	203	2.22167	124	2.74444	199	13.7914	243	32.2128	
162	0.0	395	15.4781	396	15.7011	322	28.1239	435	36.3914	361	44.0989	
176	0.0	320	5.1425	392	5.23389	324	8.45028	431	11.7017	362	25.2094	
45	0.0	338	0.120278	205	0.388056	47	3.91694	127	12.4786	125	21.6914	
79	0.0	41	5.74194	198	7.31111	221	12.7172	219	13.9242	220	27.3758	
37	0.0	315	1.2425	397	10.2728	401	10.3767	396	10.8792	218	18.1989	
184	0.0	150	3.78611	361	8.52833	155	10.7133	127	11.2936	313	28.6331	
170	0.0	228	11.0317	41	15.0333	127	19.5781	124	20.3142	337	44.7175	
162	0.0	395	16.8681	320	17.8989	396	18.5986	406	22.7486	368	32.33	
45	0.0	205	0.660833	338	1.15667	125	1.58417	203	34.5486	124	34.9372	
25	0.0	354	12.2917	403	14.1675	452	14.6869	420	18.785	431	29.1894	
272	0.0	314	3.73583	403	16.02	320	19.7456	355	21.8622	427	26.7911	
41	0.0	203	3.62639	124	3.99083	242	15.4872	222	34.2811	220	44.9036	
156	0.0	44	13.1622	63	29.6797	235	35.4519	41	45.63	125	47.9631	
45	0.0	205	0.374722	125	1.21472	338	5.11306	48	6.46361	42	35.01	
203	0.0	124	0.995278	125	1.99694	41	4.50028	127	8.29028	233	12.9469	
45	0.0	205	0.839167	50	3.39	212	4.88639	338	8.42306	213	8.8225	
21	0.0	314	1.18778	403	1.79389	427	17.0897	455	17.5544	157	26.4625	
253	0.0	53	22.2994	127	26.5664	41	27.4961	124	32.5297	209	42.1981	
280	0.0	377	0.484722	396	1.3075	359	1.82694	324	9.62972	323	25.0947	
92	0.0	53	2.80972	41	4.80028	124	7.80917	150	18.8761	127	26.7622	
45	0.0	205	0.0958333	338	4.8	219	13.4706	213	18.0608	221	32.2539	
162	0.0	455	0.0233333	395	0.429167	396	0.595	320	2.92083	421	25.5806	
126	0.0	45	8.41278	205	8.68972	338	9.80722	337	19.3144	340	30.3508	
79	0.0	198	8.80389	221	13.0131	219	14.5169	44	16.5492	220	24.0306	
301	0.0	427	0.0863889	151	1.39833	127	2.35611	317	3.21139	353	22.1819	
162	0.0	320	7.74	317	11.6583	412	12.4856	150	12.5478	427	27.3683	
92	0.0	248	4.24389	219	13.8386	41	27.9864	374	30.7739	228	34.2453	
265	0.0	318	5.5	312	6.6725	354	17.2653	403	21.3158	405	21.875	
162	0.0	151	4.19694	127	5.50694	427	13.7861	304	17.4761	317	29.1922	
220	0.0	47	25.5686	127	29.3758	45	29.6583	205	29.7919	338	36.7722	
119	0.0	427	9.86389	354	10.0081	317	10.9025	42	11.6639	405	12.6689	
333	0.0	392	3.72222	404	24.0128	405	24.0222	485	24.1311	487	39.0592	
55	0.0	396	0.263611	357	5.53806	317	11.51	430	11.5681	426	16.13	
249	0.0	233	11.8233	155	12.0367	151	12.6442	127	16.4189	
66	0.0	451	8.70111	353	9.06667	395	10.2806	150	14.5772	
7	0.0	150	9.70389	339	13.6142	151	16.0317	127	16.2503	
162	0.0	472	4.13944	320	16.5881	155	36.7342	297	40.2381	
365	0.0	363	11.0264	463	13.6658	131	31.2186	414	32.2756	
23	0.0	396	3.29194	314	8.15444	377	18.6439	431	47.8269	
329	0.0	377	2.79667	155	23.3267	361	28.4781	137	29.1222	
92	0.0	449	3.21833	195	11.2356	135	17.4633	241	21.1953	
191	0.0	314	7.25639	396	12.6314	150	14.0072	463	19.9897	
295	0.0	289	10.1956	291	18.4169	294	27.1781	286	37.1142	
330	0.0	395	16.2208	396	32.9231	361	40.0217	360	41.1806	
87	0.0	380	19.7219	384	24.1981	366	31.4994	42	49.6094	
90	0.0	41	17.4053	124	21.0311	143	31.2781	127	32.3194	
21	0.0	151	10.8781	463	12.1781	155	12.1797	153	13.2869	
149	0.0	127	11.3658	155	11.5292	153	16.2147	443	26.7372	
250	0.0	208	5.83278	41	6.0075	203	7.73889	124	12.3092	
184	0.0	396	1.05056	360	6.88444	377	7.61333	361	8.57139	
184	0.0	155	5.07889	377	7.61333	361	8.57111	313	24.31	
305	0.0	312	0.116667	318	0.133333	403	9.93083	404	10.1156	
86	0.0	218	1.66056	126	2.08611	225	8.76194	127	8.97667	
92	0.0	241	1.46194	41	26.6753	127	27.5083	125	31.0406	
23	0.0	426	1.97306	357	16.8367	361	19.1967	360	19.73	
92	0.0	41	3.95444	235	19.7461	134	20.1286	213	20.9356	
25	0.0	313	4.06583	396	8.3025	357	10.5117	315	14.1231	
295	0.0	289	4.1825	292	19.7503	294	24.7333	445	30.2264	
295	0.0	292	14.0672	294	19.0503	289	21.8572	445	24.5433	
24	0.0	196	41.3492	151	41.8275	354	42.2453	475	45.7269	
64	0.0	241	13.8075	315	17.5253	131	19.6692	389	26.7733	
89	0.0	377	13.5336	303	29.3083	150	37.0467	397	37.8192	
36	0.0	19	0.245	260	14.7022	199	21.3453	42	23.8161	
71	0.0	241	0.693889	41	4.14833	124	5.9425	125	6.35583	
53	0.0	41	6.25306	127	8.81417	124	9.92833	125	10.3417	
3	0.0	482	0.0961111	368	6.855	399	9.08861	19	15.69	
3	0.0	339	0.143611	321	6.44972	336	14.1864	1	33.6778	
94	0.0	229	10.8978	245	15.1853	153	24.6358	239	28.1011	
295	0.0	469	1.11194	292	2.47167	290	5.72556	445	6.33722	
237	0.0	202	3.65583	41	7.21389	203	9.75056	124	10.2181	
293	0.0	292	2.37861	288	3.66528	290	4.13	445	4.74167	
41	0.0	234	25.0492	226	32.7408	150	37.3853	218	41.5322	
16	0.0	41	14.9203	225	17.8817	124	17.9869	125	18.3208	
48	0.0	132	10.2919	366	22.7494	415	42.9092	136	43.8914	
21	0.0	151	7.54056	155	10.5681	463	16.1294	413	18.2814	
60	0.0	314	9.63028	404	13.8742	320	20.0319	426	39.8375	
3	0.0	41	7.99528	315	9.50361	125	9.58639	124	14.9831	
45	0.0	205	1.31972	125	1.78056	50	3.90389	212	15.1122	
236	0.0	41	4.38917	124	9.82278	241	16.785	195	42.7792	
112	0.0	41	4.605	203	6.98833	124	7.33861	125	9.27139	
66	0.0	151	3.10167	127	4.42056	363	6.71194	150	15.2514	
252	0.0	41	6.40833	221	6.95472	124	9.66972	43	17.2192	
82	0.0	298	21.0456	226	23.0397	151	36.0008	127	37.235	
25	0.0	357	1.19028	436	1.90389	320	4.03222	430	5.4425	
89	0.0	362	0.678333	20	17.9689	360	18.9261	361	19.2714	
126	0.0	45	11.2014	205	11.6875	338	11.8122	125	13.1522	
92	0.0	45	6.50694	205	6.99306	338	7.14889	125	8.45778	
3	0.0	20	12.7936	483	15.5778	450	19.8453	19	40.7372	
176	0.0	359	1.15417	302	17.3789	317	17.3989	196	21.3272	
41	0.0	237	3.385	219	7.38722	200	7.85944	124	16.555	
67	0.0	218	5.63889	410	7.075	137	11.9953	242	36.2489	
268	0.0	266	15.235	458	35.5314	456	36.3553	459	44.2208	
45	0.0	205	0.342222	338	0.888611	125	3.34694	208	15.4803	
184	0.0	396	1.35694	155	2.49333	127	3.07361	377	16.9508	
99	0.0	214	3.48167	46	9.91611	233	15.3133	208	16.0467	
188	0.0	45	9.25944	205	9.80944	125	10.7508	338	13.4478	
290	8.37944	293	13.2064	288	13.5092	292	17.9847	445	19.9356	
293	6.71583	288	7.01861	292	11.4942	445	13.445	289	37.875	
305	0.0	423	4.39556	431	5.24444	403	34.7342	340	42.1106	
160	0.0	151	4.79639	127	5.6675	155	10.8397	150	18.2092	
21	0.0	151	10.735	127	11.5933	155	12.0067	215	14.7903	
66	0.0	151	3.90028	127	4.75861	224	10.5408	361	12.7636	
162	0.0	424	1.89194	302	2.85667	414	7.56278	296	11.1497	
75	0.0	472	11.9353	402	13.3344	302	36.0383	303	46.9469	
162	0.0	396	4.47917	475	8.33583	436	12.5236	150	17.9347	
31	0.0	233	0.971944	42	3.78139	245	27.0211	363	48.1419	
105	0.0	151	13.6797	127	16.3492	434	26.17	359	43.0111	
45	0.0	205	0.208611	338	1.65167	380	3.00889	384	7.15	
96	0.0	337	6.50222	198	10.3528	195	14.16	63	17.3017	
305	0.0	314	8.17167	354	28.3389	405	30.2725	355	36.2675	
89	0.0	435	1.94083	54	16.3761	196	22.2572	311	35.4783	
250	0.0	244	3.37583	203	14.4956	124	15.2819	243	46.3764	
45	0.0	205	0.2675	50	1.11861	212	3.81028	338	8.65139	
18	0.0	430	9.98361	396	9.98917	127	11.4456	150	39.8781	
25	0.0	357	2.83944	470	6.80028	322	33.1986	324	38.1994	
178	0.0	315	12.7539	449	15.6939	326	17.5742	391	22.1031	
21	0.0	320	4.24972	144	5.75444	463	6.27583	396	24.8042	
188	0.0	41	7.63778	124	8.30778	125	8.96778	127	10.5814	
45	0.0	205	0.934444	125	1.55722	338	5.56861	213	12.5761	
109	0.0	48	1.40222	229	9.675	42	19.4092	245	27.9125	
66	0.0	151	17.7522	475	19.7633	421	30.2644	226	37.5528	
53	0.0	41	1.22806	124	1.32167	127	2.19028	150	3.99111	
26	0.0	41	2.69944	124	4.24472	127	14.52	195	42.7847	
166	0.0	41	12.7361	57	15.9392	230	40.2369	124	48.2628	
78	0.0	227	2.17667	41	3.59722	127	3.64167	124	6.66722	
68	0.0	467	0.892222	143	11.6197	141	15.8994	42	28.0708	
60	0.0	396	0.373333	320	1.7125	359	3.10944	399	16.3842	
37	0.0	326	1.30778	152	1.49472	150	7.80639	475	11.3028	
94	0.0	151	4.26833	127	5.86861	389	14.1731	150	42.6444	
92	0.0	41	8.58944	127	8.71889	141	11.1553	124	11.2581	
21	0.0	151	10.2672	155	11.0956	127	12.7908	413	21.5158	
45	0.0	205	0.7875	125	1.43278	43	1.72083	338	2.48417	
162	0.0	155	8.12472	314	11.1761	320	12.7431	378	13.1697	
7	0.0	396	22.2717	435	25.2903	361	26.8983	362	28.5464	
263	0.0	126	6.94222	45	15.1814	125	16.5997	338	32.3067	
271	0.0	405	12.2831	315	13.5403	425	14.0831	427	14.8947	
26	0.0	241	1.02056	240	25.3403	130	38.5158	337	48.34	
327	0.0	419	2.45944	320	3.53694	314	5.29028	431	7.15806	
121	0.0	45	4.25194	205	4.45278	201	24.4044	227	44.8394	
111	0.0	136	22.5142	238	31.2869	44	42.5761	42	49.8833	
117	0.0	69	35.5892	48	44.8108	42	47.9283	136	48.9439	
184	0.0	403	3.77361	318	10.4106	455	10.8211	320	17.16	
21	0.0	151	10.0514	155	11.1664	127	11.8389	463	17.8558	
163	0.0	421	2.35083	315	3.77528	312	4.92639	304	6.31833	
41	0.0	126	7.42111	217	20.3122	204	23.1022	57	28.8372	
53	0.0	41	4.35472	203	10.8019	124	11.6033	222	17.1208	
188	0.0	150	5.52	41	21.6472	127	21.7228	124	30.6756	
26	0.0	221	9.4425	217	12.9783	207	19.555	229	30.5733	
166	0.0	53	10.4908	150	13.4625	385	21.4803	219	29.3583	
335	0.0	420	1.97889	392	2.29417	412	7.56333	312	7.56917	
119	0.0	312	3.09361	353	5.49639	487	14.1128	391	37.2381	
184	0.0	151	0.511111	127	1.28889	318	11.0528	353	11.2625	
79	0.0	337	8.78917	198	9.28972	221	11.1497	228	15.8603	
327	0.0	421	1.46333	319	3.6125	412	3.69944	339	8.81528	
100	0.0	259	34.5339	57	38.2342	225	39.9972	42	44.0475	
172	0.0	155	8.95889	150	12.1989	127	13.4236	413	14.3511	
53	0.0	41	7.01111	203	9.67861	124	21.0883	195	46.0147	
305	0.0	357	13.0008	403	17.3314	405	17.8906	304	42.17	
79	0.0	195	4.50139	223	4.86806	230	5.47222	228	8.61528	
73	0.0	405	9.58444	465	13.6825	412	15.2222	318	17.7478	
41	0.0	127	7.45861	208	11.8714	125	15.7608	124	20.7853	
284	0.0	404	12.2606	485	13.8369	355	14.0047	315	19.6469	
100	0.0	237	12.3211	41	12.3233	200	28.1108	127	33.5589	
162	0.0	435	1.50889	150	2.05194	395	4.215	396	9.14389	
333	0.0	318	0.0311111	354	0.154444	412	5.8925	324	7.48889	
177	0.0	354	2.37472	361	17.4944	396	29.2933	430	36.5278	
91	0.0	451	7.91306	134	13.1825	213	13.2033	
41	0.0	241	1.86389	124	41.6642	125	41.7439	
162	0.0	355	2.43056	238	21.8528	317	22.4039	
89	0.0	370	0.763056	396	3.82806	377	44.7719	
191	0.0	320	4.00278	425	29.5286	317	43.2936	
118	0.0	41	1.31278	124	3.08583	210	8.25611	
457	0.0	268	1.17861	456	16.5275	459	27.2778	
236	0.0	41	13.5131	124	19.4036	125	19.4131	
41	0.0	124	3.95472	125	5.18528	243	41.9917	
13	0.0	359	12.2517	389	30.8167	218	31.9803	
156	0.0	41	25.115	124	26.6594	125	27.89	
26	0.0	45	33.7256	205	34.1219	125	35.9603	
295	0.0	288	0.403611	289	35.4308	291	43.6522	
163	0.0	151	1.45944	127	3.15722	363	27.0983	
21	0.0	41	5.70861	124	15.4192	125	15.6403	
272	0.0	339	0.287222	320	7.55583	391	18.045	
59	0.0	41	42.3239	124	44.9575	125	45.1786	
45	0.0	205	0.577222	125	3.26111	213	12.9356	
160	0.0	151	3.96639	127	5.75861	155	42.3669	
294	28.3769	290	32.5656	292	34.0269	286	38.3131	
26	0.0	241	11.2881	41	14.6128	141	29.0544	
148	0.0	339	11.7061	314	14.3994	320	27.0208	
121	0.0	337	10.42	227	13.1347	42	15.2331	
172	0.0	155	0.848889	214	3.75139	363	22.0769	
21	0.0	317	1.28333	451	1.37611	42	4.72306	
236	0.0	41	4.26333	203	9.63528	194	34.9072	
279	0.0	314	2.23528	377	2.33917	128	8.82028	
41	0.0	156	0.322778	127	1.00806	125	3.81222	
89	0.0	472	2.18972	377	2.94	435	43.9411	
146	0.0	153	2.84667	142	3.56389	413	21.8281	
200	0.0	41	3.01056	124	10.1486	127	16.7494	
250	0.0	203	5.68722	124	6.12611	208	19.3914	
111	0.0	203	2.29528	124	2.73389	214	3.89222	
250	0.0	203	3.91139	124	4.35	208	27.1881	
349	0.0	463	3.72194	153	20.6189	443	31.1414	
62	0.0	214	0.77	237	3.28806	43	8.97806	
91	0.0	378	19.6839	377	40.2814	150	43.5439	
45	0.0	205	1.59	125	4.01472	49	29.1892	
295	0.0	445	5.34417	290	10.4233	292	11.8847	
148	0.0	127	11.7358	155	11.8992	357	14.0358	
343	0.0	126	10.9764	127	13.8031	337	24.2775	
26	0.0	228	14.9656	196	37.5758	155	43.2844	
23	0.0	377	5.23167	153	8.91611	437	26.3486	
369	0.0	401	3.2175	359	10.3136	357	16.9936	
177	0.0	378	0.0688889	426	17.1564	396	21.4722	
172	0.0	403	5.04667	426	15.8044	320	22.8336	
5	0.0	151	48.3008	42	48.535	127	49.0461	
162	0.0	315	5.18139	396	9.96694	377	12.4308	
254	0.0	41	1.92083	204	7.2	235	19.3369	
335	0.0	303	0.63	356	27.4947	420	48.6772	
188	0.0	126	1.80111	125	3.02222	235	16.28	
254	0.0	41	0.820278	238	25.4717	195	44.9983	
45	0.0	205	22.1919	381	43.0733	125	47.7075	
89	0.0	386	38.1869	477	44.8628	311	46.9514	
280	0.0	297	39.7736	468	45.9644	435	46.015	
5	0.0	402	1.64917	422	20.6239	223	30.5753	
177	0.0	315	21.1317	487	21.1317	314	21.1892	
108	0.0	482	9.96	403	31.2411	315	43.3289	
175	0.0	396	0.393056	426	10.3153	359	21.5522	
169	0.0	475	8.79056	353	11.1856	357	17.8267	
254	0.0	237	15.7839	203	49.2778	124	49.3936	
236	0.0	41	5.1225	124	11.0842	125	12.3447	
5	0.0	315	9.00972	368	14.4411	223	23.1864	
23	0.0	314	4.975	403	14.6333	404	28.045	
290	0.0	292	17.4972	294	22.4803	445	27.9733	
304	0.0	298	30.7775	299	38.9561	296	44.1392	
53	0.0	127	5.52111	124	5.525	125	7.31444	
123	0.0	41	25.7611	124	31.9956	125	32.285	
45	0.0	205	0.263056	125	1.72111	130	42.4344	
113	0.0	467	23.6311	196	37.9997	42	43.4289	
162	0.0	312	5.51	314	19.3806	436	22.3256	
16	0.0	402	1.71361	261	4.58111	313	14.6536	
309	0.0	403	14.4353	320	14.5597	314	17.8819	
66	0.0	395	11.6764	150	11.9361	403	24.7106	
193	0.0	312	7.07278	1	22.1722	406	28.8753	
45	0.0	125	0.0283333	205	0.0644444	220	20.5506	
40	0.0	415	19.0447	136	19.45	215	48.2678	
151	0.0	150	7.53167	341	25.86	127	28.0708	
59	0.0	226	39.1786	155	45.5869	238	45.805	
112	0.0	199	0.508333	136	9.77028	450	49.0075	
309	0.0	355	24.2383	412	26.3075	302	31.1639	
162	0.0	312	10.235	320	10.7014	436	12.0769	
188	0.0	41	3.83556	203	5.43306	124	5.93667	
13	0.0	315	2.23472	397	3.22722	320	13.6389	
23	0.0	314	15.235	403	17.7833	319	30.4542	
45	0.0	205	0.0286111	125	1.0425	213	14.3175	
188	0.0	41	1.82139	127	2.37139	125	2.78889	
349	0.0	155	1.28639	127	1.7925	153	3.96806	
5	0.0	126	6.30361	198	9.1725	422	25.1286	
145	0.0	57	19.8033	221	37.8206	41	45.7014	
8	0.0	126	12.0778	225	14.0208	125	14.7142	
81	0.0	126	35.0114	150	36.8047	125	37.1142	
98	0.0	42	1.82194	218	8.65806	133	27.4264	
369	0.0	468	6.68806	313	25.0797	324	40.7225	
92	0.0	41	22.4267	124	25.3444	127	32.9286	
21	0.0	339	12.0656	336	18.3272	374	21.0472	
3	0.0	443	3.62028	19	13.4253	336	15.7531	
250	0.0	203	11.1756	124	11.7217	202	13.4753	
166	0.0	243	7.13778	150	12.2789	197	26.7631	
45	0.0	205	0.727778	125	2.02917	126	27.5997	
45	0.0	205	0.27	125	2.77833	126	4.69333	
66	0.0	155	4.65944	151	6.1375	463	6.50139	
53	0.0	41	5.14667	124	9.59222	195	47.5353	
73	0.0	405	7.51528	312	12.9494	422	33.6564	
13	0.0	392	10.2728	412	13.7306	339	15.1914	
166	0.0	247	10.7181	150	12.2789	240	42.3842	
252	0.0	199	8.44417	48	14.8664	136	32.2069	
122	0.0	41	3.26361	125	6.06167	195	37.3117	
90	0.0	156	1.995	128	12.4733	141	14.5583	
66	0.0	413	9.25944	143	13.0131	127	20.8047	
149	0.0	153	5.81	143	12.4278	127	41.7714	
126	0.0	41	3.82833	125	5.41944	137	21.6894	
254	0.0	57	18.6306	221	19.7122	43	30.9972	
120	0.0	203	14.4069	124	14.9369	63	24.4694	
348	0.0	47	4.7375	127	7.24833	258	20.7067	
82	0.0	126	7.68222	125	8.65361	150	14.2306	
280	0.0	396	3.92194	378	5.48917	435	8.25611	
45	0.0	205	0.582222	125	1.07833	213	6.105	
264	0.0	45	0.605278	205	1.42333	125	1.88417	
26	0.0	41	10.2556	127	10.8058	125	11.3344	
351	0.0	322	0.859722	303	8.36667	155	13.8867	
53	0.0	127	20.2919	228	26.6325	219	33.8306	
263	0.0	45	21.3606	205	22.1594	125	26.1869	
200	0.0	203	3.5025	124	4.385	208	12.1675	
21	0.0	151	10.14	155	11.1256	127	23.9331	
222	0.0	203	13.1503	124	14.0286	194	33.1839	
117	0.0	50	5.8475	42	12.0819	248	33.1347	
82	0.0	155	2.57583	127	15.3833	311	19.9217	
45	0.0	338	0.0811111	205	0.383611	125	1.80333	
71	0.0	41	17.6767	124	20.9381	43	28.4875	
11	0.0	19	6.02	397	27.2292	20	49.6153	
276	0.0	156	13.1764	201	16.0283	216	49.0522	
398	0.0	336	4.71417	395	31.8408	406	34.7775	
71	0.0	241	4.25361	198	6.47611	135	16.6103	
151	0.0	150	2.61667	223	15.3475	127	26.7892	
153	0.0	359	20.3561	362	27.7914	150	32.7906	
45	0.0	205	0.488611	125	1.95528	338	2.66028	
45	0.0	205	0.489167	125	1.95611	338	2.66056	
280	0.0	320	4.07111	360	23.0997	361	23.4425	
188	0.0	126	5.75583	127	7.13111	125	8.51	
45	0.0	338	0.279722	205	0.624722	125	2.08194	
36	0.0	397	3.95111	19	4.52167	20	26.3372	
18	0.0	155	0.885833	127	1.67611	150	5.08278	
92	0.0	135	7.10556	65	8.59778	150	17.5261	
41	0.0	53	0.934167	127	1.34917	228	8.09111	
281	0.0	1	20.6261	370	25.4583	437	36.5747	
45	0.0	205	0.798889	338	0.959167	125	1.8825	
40	0.0	155	12.9886	127	14.0769	415	19.3486	
37	0.0	302	0.766111	296	8.84361	297	25.1194	
92	0.0	363	20.3	150	21.3775	139	26.0506	
5	0.0	401	13.4533	386	20.9258	302	24.8486	
126	0.0	41	0.858611	127	6.41889	124	30.2214	
45	0.0	338	0.536111	205	0.880833	125	3.94139	
264	0.0	43	5.93694	239	17.2997	219	18.4161	
45	0.0	205	0.517222	338	1.69806	125	2.06889	
109	0.0	131	16.4464	139	32.1606	440	34.1264	
250	0.0	203	9.89528	124	10.6428	202	11.1128	
126	0.0	45	31.6472	205	31.8669	338	31.9681	
107	0.0	41	5.19583	124	5.98833	127	6.93194	
112	0.0	203	1.74556	124	2.58639	41	4.01222	
45	0.0	205	0.316944	338	0.463889	125	19.3969	
92	0.0	261	0.260556	317	5.83944	402	34.8781	
47	0.0	41	0.983611	127	1.53333	124	5.51444	
89	0.0	361	2.14861	323	2.46639	359	23.365	
146	0.0	41	11.0092	150	14.2575	124	14.7311	
89	0.0	361	0.035	360	0.171667	362	4.69889	
177	0.0	127	18.0347	155	18.0469	359	35.7233	
45	0.0	205	0.502778	338	1.05778	125	1.33806	
45	0.0	205	0.0177778	338	0.560833	125	6.62583	
45	0.0	205	0.478056	338	0.48	125	6.08083	
45	0.0	205	0.1825	338	1.13611	125	4.72972	
45	0.0	205	0.0997222	338	0.599167	125	4.19278	
7	0.0	156	11.2367	127	11.5122	201	12.0503	
45	0.0	338	0.873611	205	0.874167	125	2.79806	
45	0.0	205	0.773333	338	1.16083	125	3.085	
53	0.0	127	28.3694	41	42.2606	124	47.7839	
111	0.0	41	27.7744	127	28.1944	124	29.0533	
335	0.0	403	0.958611	354	1.75972	412	1.94833	
81	0.0	48	15.4558	136	16.6469	132	28.2439	
45	0.0	205	0.447222	338	0.532222	214	32.1044	
172	0.0	150	4.19444	155	23.4117	143	29.5881	
54	0.0	41	34.18	127	34.7058	124	37.5278	
41	0.0	127	2.55611	124	2.84444	242	17.6603	
45	0.0	205	0.4075	338	0.476111	125	6.83472	
305	0.0	354	10.6606	315	29.7036	403	30.3453	
184	0.0	359	6.09222	320	15.7575	436	22.7156	
26	0.0	337	7.37833	228	12.7689	247	31.7167	
89	0.0	153	20.6408	413	22.4636	396	29.4464	
44	0.0	124	10.5906	125	11.0881	41	11.5439	
160	0.0	151	8.70861	127	10.5467	150	15.2125	
162	0.0	315	15.3419	320	17.4675	196	20.3333	
160	0.0	150	11.1131	155	12.4681	127	40.9056	
14	0.0	151	10.5878	127	11.8303	150	12.5817	
280	0.0	359	3.73611	323	25.9108	320	35.1514	
45	0.0	205	0.0105556	338	0.34	125	1.8925	
184	0.0	314	4.83222	357	4.90944	318	8.36028	
21	0.0	196	3.07278	318	5.38639	320	25.44	
250	0.0	202	1.38222	203	14.4961	124	15.2819	
41	0.0	124	19.8239	131	27.0119	195	33.1797	
45	0.0	205	0.0116667	125	0.541111	338	17.3483	
47	0.0	41	2.59667	125	3.01611	215	23.6344	
3	0.0	242	0.531111	315	4.02083	450	11.9817	
369	0.0	359	9.77917	323	25.4489	320	34.6894	
177	0.0	359	1.47667	323	17.1464	320	26.3869	
6	0.0	315	0.488611	302	12.6714	303	23.58	
5	0.0	151	20.4858	152	30.1453	139	30.4386	
157	0.0	370	20.6542	20	46.0656	336	49.6169	
111	0.0	203	5.78222	124	6.33389	220	18.665	
45	0.0	205	0.615556	125	4.55194	338	10.005	
45	0.0	205	0.339722	125	1.76722	338	4.64778	
45	0.0	205	0.629167	211	0.744444	125	2.05667	
333	0.0	314	10.5769	320	13.3264	355	14.7906	
203	0.0	41	2.8925	124	3.05639	125	4.05833	
17	0.0	47	17.7633	127	19.925	366	28.63	
6	0.0	336	15.2625	401	15.9667	322	23.5275	
70	0.0	323	3.89639	151	17.4631	127	18.1033	
53	0.0	41	1.11278	124	1.56722	125	3.07111	
5	0.0	2	18.3378	231	18.4306	1	37.7725	
66	0.0	150	25.5733	151	27.3961	127	28.4064	
295	0.0	289	6.45333	294	16.8703	291	40.5442	
329	0.0	151	7.41083	359	30.6631	317	32.1817	
156	0.0	41	8.73806	124	9.42833	195	42.4144	
92	0.0	48	6.83472	65	13.7969	42	24.8417	
166	0.0	41	4.25083	204	37.7467	124	43.7411	
172	0.0	155	11.6792	127	13.0675	326	15.2056	
203	0.0	227	1.00056	41	6.90611	124	7.29278	
53	0.0	41	0.545833	467	2.29944	194	3.30694	
53	0.0	41	3.14056	124	3.20694	210	7.00333	
74	0.0	65	10.6531	374	18.7731	126	21.2481	
273	0.0	392	5.60639	405	9.18972	487	28.7006	
66	0.0	151	3.49333	127	4.82889	341	5.14417	
3	0.0	364	0.5825	336	1.28833	54	28.2392	
327	0.0	426	2.0675	318	8.73306	403	10.66	
81	0.0	41	1.31611	124	1.37417	127	6.47833	
265	0.0	487	8.04639	403	14.5042	437	30.0117	
252	0.0	204	4.61306	136	5.49	196	6.08417	
78	0.0	44	3.81222	221	20.7761	247	39.7875	
117	0.0	45	0.713056	205	1.68194	217	26.6406	
64	0.0	42	7.06333	337	7.4625	217	32.9147	
111	0.0	219	17.5686	245	25.2739	217	28.3889	
45	0.0	205	0.968333	338	9.58333	213	41.97	
330	0.0	412	2.72056	317	5.59722	391	14.1033	
88	0.0	235	2.84417	44	28.9214	204	32.3131	
151	0.0	126	5.52667	217	24.4725	127	35.8425	
172	0.0	126	17.6753	143	21.6633	127	28.1128	
66	0.0	155	5.1225	151	5.71194	127	31.03	
172	0.0	155	13.5056	127	14.4586	215	41.4456	
82	0.0	215	0.489722	242	2.02389	475	5.43611	
273	0.0	427	1.77444	403	9.16639	405	35.2686	
5	0.0	0	3.19083	2	3.76611	1	22.9792	
428	0.0	425	26.1178	427	26.9292	356	27.4806	
176	0.0	150	3.30472	353	7.18444	472	20.6436	
26	0.0	45	4.53611	205	5.04028	217	20.8025	
158	0.0	392	22.5242	356	23.7947	403	24.1939	
162	0.0	419	5.10417	436	5.90833	314	15.47	
45	0.0	205	0.683333	125	2.40389	338	5.37028	
158	0.0	359	18.465	361	20.4644	323	23.2947	
8	0.0	320	6.80306	312	8.91139	403	12.3033	
143	0.0	463	7.46917	141	12.1222	127	37.6967	
108	0.0	151	1.76861	127	2.65083	396	13.5294	
189	0.0	128	2.75194	314	5.95778	150	6.69583	
162	0.0	312	1.64472	424	2.65167	403	14.1317	
157	0.0	317	2.58694	361	8.32861	360	8.45333	
333	0.0	392	1.17889	312	2.62833	403	10.0347	
45	0.0	205	0.845556	213	3.67278	338	7.77972	
89	0.0	396	3.615	361	18.7586	360	18.9	
54	0.0	194	9.62333	41	20.1808	124	24.0544	
327	0.0	427	4.13306	314	4.39972	318	4.81944	
387	0.0	336	15.2633	322	17.8069	357	18.8172	
309	0.0	320	2.83083	354	7.23917	340	41.0419	
5	0.0	368	16.1478	2	17.8042	1	37.9111	
66	0.0	151	5.26333	155	28.4267	127	29.0992	
71	0.0	217	12.6975	340	22.1075	228	23.6794	
369	0.0	403	5.7375	313	15.9011	324	17.4019	
333	0.0	430	6.79278	434	13.6786	423	33.5589	
112	0.0	41	3.8275	124	7.59389	247	8.325	
119	0.0	312	9.51583	452	15.9364	320	31.9739	
112	0.0	203	0.676944	124	1.17778	228	2.33333	
66	0.0	151	1.71389	127	2.80944	357	30.4714	
41	0.0	124	1.89139	203	6.88889	127	16.145	
160	0.0	151	5.89861	143	11.5975	127	13.3242	
66	0.0	151	3.74889	155	4.86389	127	5.53639	
35	0.0	339	9.66444	321	30.8886	414	31.6128	
184	0.0	326	4.46528	25	13.5267	72	49.6428	
203	0.0	124	1.10111	41	2.73389	225	8.17806	
89	0.0	435	3.49667	214	5.40806	403	8.68583	
92	0.0	41	0.945833	124	7.12417	127	8.725	
41	0.0	225	14.7767	124	14.8397	195	29.3692	
48	0.0	136	1.39028	132	15.8608	42	48.3453	
81	0.0	41	2.65417	127	6.14389	241	15.7664	
60	0.0	399	1.56806	359	4.22083	323	18.5133	
117	0.0	410	3.00583	348	15.5175	47	18.2122	
89	0.0	311	10.6358	54	38.5936	397	41.3931	
286	5.42806	292	39.7889	293	41.6181	287	44.2667	
286	5.42806	292	39.7889	293	41.6181	287	44.2664	
66	0.0	151	2.58111	127	2.84194	463	9.10389	
21	0.0	323	10.305	361	15.3756	360	15.6881	
295	0.0	291	2.68778	289	4.41944	286	5.32444	
92	0.0	363	13.88	195	27.8342	42	44.6236	
173	0.0	155	18.1339	430	28.3769	324	39.2181	
92	0.0	440	20.0361	195	27.7547	42	44.5433	
191	0.0	361	5.83056	360	6.14306	442	23.8169	
41	0.0	57	2.29333	127	10.6797	124	12.7492	
45	0.0	205	1.93722	338	7.77583	213	15.885	
9	0.0	45	6.87944	205	7.80056	338	20.2567	
78	0.0	41	3.43611	241	6.01111	248	48.9336	
119	0.0	354	4.5325	318	12.7069	315	24.7161	
3	0.0	202	2.23444	48	17.6014	43	30.7131	
162	0.0	353	8.36472	312	10.9208	475	43.1211	
154	0.0	150	12.2092	396	23.7769	421	27.0353	
73	0.0	405	9.75306	392	24.7328	312	24.9056	
112	0.0	240	11.2392	217	18.4033	44	31.7058	
469	0.0	292	7.19083	293	9.02	288	19.1811	
79	0.0	44	20.4822	337	35.5211	221	39.5472	
295	0.0	292	0.957778	286	35.2781	289	37.9497	
295	0.0	292	21.8367	290	25.7697	445	36.1217	
295	0.0	292	2.54278	290	6.47583	445	16.8278	
37	0.0	315	1.97333	42	38.0147	386	47.4142	
177	0.0	424	0.366667	412	0.608333	315	12.3211	
263	0.0	45	20.4711	205	20.4864	338	24.1136	
75	0.0	196	0.101111	353	0.141944	395	8.05972	
10	0.0	368	36.0694	0	45.1892	316	49.4711	
78	0.0	63	17.145	242	24.9172	212	45.1431	
88	0.0	396	16.6864	2	21.6539	357	23.2258	
57	0.0	41	3.23306	220	7.91611	136	35.5678	
265	0.0	392	0.308056	353	7.58444	304	16.3775	
5	0.0	363	24.8808	226	25.0039	449	31.9119	
5	0.0	353	0.8325	357	0.861667	396	7.69056	
92	0.0	41	29.4375	127	30.9742	210	39.0508	
327	0.0	392	0.29	403	2.06139	318	2.92028	
89	0.0	396	1.84472	362	3.08694	42	21.865	
5	0.0	248	7.89222	229	14.2386	53	21.6886	
117	0.0	211	5.30528	45	35.2819	205	35.88	
308	0.0	414	3.68583	302	19.5211	487	20.0572	
41	0.0	125	6.32194	124	11.3461	127	22.06	
26	0.0	241	8.1625	141	8.59528	247	20.1261	
295	0.0	288	3.31167	289	12.8317	290	35.3964	
253	0.0	53	10.6522	143	19.8853	142	29.3914	
45	0.0	205	0.548611	338	4.62111	42	6.42583	
115	0.0	366	0.668611	449	3.80833	486	11.5378	
163	0.0	312	0.803611	317	2.89722	337	3.34028	
327	0.0	318	3.31222	392	3.335	391	4.72361	
161	0.0	214	0.215556	45	11.8067	205	11.9067	
272	0.0	390	0.329444	318	6.17833	326	38.5292	
295	0.0	289	2.86917	290	25.4339	445	44.3108	
98	0.0	196	0.470278	472	2.93833	396	29.9286	
327	0.0	426	0.633333	412	0.945	318	1.23222	
45	0.0	125	4.81389	380	6.4575	384	6.60139	
91	0.0	403	10.0314	354	12.3736	392	21.0586	
98	0.0	133	11.8586	449	22.8722	226	34.9753	
295	0.0	288	11.3678	286	30.0144	290	34.1731	
293	0.0	290	9.14806	288	27.1936	445	28.025	
24	0.0	396	14.7586	357	28.1275	397	39.4925	
293	0.0	290	26.6881	288	26.7136	445	45.565	
293	0.0	290	9.8925	288	27.9381	445	28.7694	
112	0.0	41	1.27389	45	6.17306	200	19.9858	
169	0.0	150	2.20139	317	10.0875	312	16.36	
86	0.0	151	1.2975	127	1.325	463	8.10778	
60	0.0	320	4.39944	463	8.88	426	17.4617	
157	0.0	362	6.26889	128	11.6272	370	18.4131	
37	0.0	339	0.285833	312	6.71694	313	6.82139	
45	0.0	205	1.34111	125	1.80417	
45	0.0	205	0.508056	125	0.98	
222	0.0	203	0.0327778	124	0.744167	
92	0.0	195	2.32694	42	44.5036	
35	0.0	312	17.1531	150	25.4461	
41	0.0	124	32.7147	125	32.7242	
83	0.0	482	0.0116667	339	13.3378	
27	0.0	483	3.65944	20	32.8039	
21	0.0	451	5.00778	450	10.0428	
45	0.0	205	1.22278	125	1.8225	
66	0.0	151	2.28278	127	4.19861	
66	0.0	151	3.4075	155	4.82278	
13	0.0	396	7.10444	359	19.2794	
25	0.0	396	6.69194	451	6.87472	
41	0.0	227	4.29583	244	4.90417	
21	0.0	155	11.3581	127	15.7403	
252	0.0	155	11.9783	127	16.3606	
7	0.0	155	6.76472	127	11.1469	
21	0.0	155	11.3581	127	15.7403	
120	0.0	337	40.7819	203	45.8261	
78	0.0	49	8.24194	241	10.5214	
203	0.0	124	0.395556	222	9.81139	
121	0.0	124	16.02	203	45.0672	
203	0.0	46	8.41778	208	10.8044	
188	0.0	126	0.360278	125	2.01333	
157	0.0	155	16.9994	127	19.97	
101	0.0	201	1.08083	216	47.8667	
18	0.0	451	0.665833	378	2.18861	
280	0.0	359	6.02611	435	29.3131	
333	0.0	326	0.433333	315	1.45833	
41	0.0	241	1.47	207	19.9542	
23	0.0	155	0.613333	127	0.740556	
23	0.0	155	6.08472	127	6.21194	
40	0.0	155	2.05528	19	20.5131	
82	0.0	414	2.02139	317	20.615	
45	0.0	205	0.734444	125	1.20583	
87	0.0	205	24.1061	125	24.5775	
53	0.0	41	3.755	124	6.35333	
459	0.0	268	0.00166667	456	15.3506	
41	0.0	124	25.9633	225	27.1214	
45	0.0	205	0.677222	125	0.856389	
21	0.0	359	1.74	422	9.55778	
41	0.0	124	14.8822	125	14.8917	
70	0.0	399	18.0519	361	20.7539	
15	0.0	42	17.2039	208	42.9272	
69	0.0	486	21.8828	42	31.4961	
21	0.0	23	13.255	336	15.585	
151	0.0	361	31.98	360	32.4292	
162	0.0	314	5.88556	357	32.5069	
162	0.0	396	0.889444	377	3.63917	
23	0.0	317	17.7828	396	46.8308	
108	0.0	463	3.76528	320	6.59111	
41	0.0	127	12.9019	124	17.6967	
171	0.0	315	3.07361	377	4.16583	
333	0.0	392	2.43722	403	3.10889	
13	0.0	370	33.2122	386	36.1008	
190	0.0	152	42.29	127	43.9239	
93	0.0	42	10.7992	132	44.5192	
45	0.0	205	0.396389	125	2.23472	
177	0.0	304	4.48417	317	4.82611	
81	0.0	440	16.9128	65	48.7964	
45	0.0	205	0.910556	125	1.29	
24	0.0	314	11.2783	377	45.4867	
264	0.0	211	22.4378	205	22.7994	
177	0.0	455	10.2689	320	27.4564	
147	0.0	463	6.99222	123	48.0097	
45	0.0	125	0.7175	205	0.923056	
119	0.0	475	11.7431	320	23.5158	
112	0.0	241	7.59278	247	26.2778	
273	0.0	403	35.5175	405	48.6956	
146	0.0	128	8.70722	143	36.6583	
45	0.0	205	0.391389	125	1.40722	
190	0.0	152	0.608056	317	1.41722	
184	0.0	396	1.92361	377	27.6933	
445	19.7592	289	38.6092	291	46.8306	
41	0.0	124	17.7603	125	17.8469	
193	0.0	150	8.56111	435	28.8772	
121	0.0	201	12.635	141	23.9436	
23	0.0	426	17.6444	357	41.8836	
53	0.0	124	41.7058	125	41.9269	
24	0.0	422	10.1292	131	46.06	
157	0.0	20	19.7722	370	44.4567	
23	0.0	437	21.7611	359	46.2367	
41	0.0	50	0.972222	42	21.2683	
254	0.0	234	8.60306	200	27.0517	
222	0.0	203	49.1689	124	49.8867	
151	0.0	312	10.0958	303	27.3775	
23	0.0	312	1.84361	155	8.83333	
273	0.0	312	2.30056	339	5.21778	
45	0.0	205	0.921667	125	2.10306	
160	0.0	151	3.10806	143	19.7267	
93	0.0	132	2.40861	208	42.6772	
259	0.0	223	3.2025	229	3.34556	
41	0.0	203	6.97222	124	7.44028	
13	0.0	20	6.24639	317	9.70806	
89	0.0	377	20.5047	150	23.0442	
83	0.0	198	14.595	69	21.185	
45	0.0	205	0.526111	125	1.89944	
7	0.0	396	8.38333	353	11.7725	
178	0.0	304	1.15056	315	3.53833	
57	0.0	241	1.68194	63	18.5286	
174	0.0	312	0.0702778	388	8.50194	
3	0.0	20	2.55139	386	18.2822	
59	0.0	41	1.34167	195	20.5519	
157	0.0	401	0.856389	20	49.4644	
413	0.0	415	23.0161	136	24.9858	
178	0.0	403	3.18722	315	3.53861	
189	0.0	377	3.595	378	34.0625	
327	0.0	377	2.98917	378	33.4567	
45	0.0	125	1.68028	205	2.03278	
45	0.0	205	1.02139	125	2.53917	
203	0.0	124	0.654167	222	3.91972	
250	0.0	203	4.99	124	5.45806	
112	0.0	203	3.48972	124	3.95778	
172	0.0	226	0.734444	214	3.75139	
349	0.0	463	1.43611	214	4.35917	
75	0.0	155	6.1075	59	15.2444	
172	0.0	155	2.72028	143	6.355	
184	0.0	377	1.96333	395	18.9775	
151	0.0	128	9.0925	214	32.0658	
407	0.0	152	4.66722	418	6.97056	
45	0.0	205	1.285	125	2.79417	
184	0.0	396	1.59639	356	21.2511	
71	0.0	228	1.59694	202	17.5686	
151	0.0	41	6.30222	124	14.7739	
148	0.0	312	2.36472	337	15.2167	
188	0.0	41	2.20528	43	17.6117	
8	0.0	377	3.00444	128	9.48639	
280	0.0	377	4.29028	128	10.7722	
335	0.0	420	3.17667	326	27.3528	
274	0.0	420	13.2769	427	17.6728	
66	0.0	214	4.14111	233	15.3111	
89	0.0	361	30.4722	360	31.4539	
93	0.0	42	11.3242	132	20.5186	
45	0.0	205	0.800556	340	35.9208	
45	0.0	205	1.64472	125	3.18667	
49	0.0	47	1.09472	127	3.11028	
26	0.0	241	3.29444	216	22.1422	
147	0.0	155	0.0711111	151	3.49194	
41	0.0	45	9.89806	125	11.5228	
160	0.0	150	17.0375	155	37.8422	
45	0.0	205	0.533889	125	2.04944	
92	0.0	41	0.843889	125	6.2925	
349	0.0	155	1.425	127	19.52	
89	0.0	402	23.4208	378	25.2308	
90	0.0	41	2.03861	125	6.48583	
295	0.0	289	6.70694	291	32.6103	
45	0.0	125	1.16944	205	1.51472	
45	0.0	125	1.62306	205	1.96806	
29	0.0	123	10.0647	135	48.8114	
7	0.0	128	9.39444	304	44.3233	
91	0.0	410	18.6636	136	31.9322	
334	0.0	430	8.33583	324	33.3492	
45	0.0	205	1.1725	125	2.57889	
282	0.0	320	0.0247222	395	14.3547	
387	0.0	472	6.44	336	18.0336	
253	0.0	53	13.4786	219	19.1881	
45	0.0	125	1.55139	205	1.86611	
13	0.0	340	0.394722	315	10.5725	
271	0.0	340	0.559722	315	10.7375	
445	6.58417	290	11.6633	292	13.1247	
265	0.0	65	3.25944	363	10.5028	
91	0.0	25	19.3964	72	19.6839	
5	0.0	131	18.6619	226	44.1475	
47	0.0	258	39.8031	223	45.5575	
176	0.0	378	5.68861	361	31.8506	
23	0.0	472	14.8728	435	21.0342	
66	0.0	151	4.90528	413	8.73972	
41	0.0	228	5.61556	132	23.6147	
35	0.0	312	11.6919	475	18.3178	
160	0.0	127	17.7308	155	17.8942	
172	0.0	127	15.1714	155	15.3347	
252	0.0	127	11.8847	155	12.0481	
40	0.0	127	13.315	155	13.4783	
66	0.0	127	6.04361	155	6.20694	
66	0.0	150	7.10917	225	8.50306	
169	0.0	151	1.72861	127	2.23333	
45	0.0	205	0.7625	125	2.44972	
45	0.0	125	1.66944	205	2.26778	
45	0.0	125	2.22417	205	2.8225	
7	0.0	135	10.0447	315	18.68	
351	0.0	396	19.6472	435	26.2969	
90	0.0	136	8.34944	132	23.6978	
49	0.0	47	32.0308	127	33.8494	
25	0.0	312	2.23861	155	28.515	
168	0.0	451	8.88083	336	12.1447	
45	0.0	125	1.97417	205	2.23583	
272	0.0	449	25.1497	425	25.4606	
126	0.0	125	17.8933	127	48.8983	
54	0.0	41	5.4925	124	11.7269	
41	0.0	127	25.3058	125	29.6211	
80	0.0	389	33.1547	218	38.3194	
54	0.0	41	4.46056	124	10.695	
45	0.0	125	1.51694	205	1.78694	
158	0.0	430	2.545	403	2.73611	
117	0.0	126	2.38083	127	12.8203	
160	0.0	143	6.12	127	9.85222	
413	0.0	153	20.0297	443	30.5522	
157	0.0	336	3.78722	20	22.6725	
45	0.0	125	1.51694	205	1.78694	
177	0.0	326	4.53944	419	5.49306	
66	0.0	150	1.0725	152	24.7119	
45	0.0	205	0.601389	125	2.58306	
371	0.0	395	0.4525	377	2.17222	
40	0.0	415	22.4961	214	27.5333	
188	0.0	211	0.782778	205	2.92306	
89	0.0	54	1.12028	426	19.2775	
23	0.0	322	6.41694	377	7.23944	
3	0.0	486	5.41722	42	26.8739	
76	0.0	337	30.4767	126	39.3617	
349	0.0	463	1.82139	153	26.3231	
5	0.0	224	2.45333	150	5.24	
89	0.0	378	2.6125	435	19.6997	
23	0.0	362	6.38361	249	22.3986	
66	0.0	150	14.6819	435	31.6619	
45	0.0	205	0.15	125	1.71694	
45	0.0	205	1.92528	125	3.49222	
121	0.0	41	4.92389	124	10.1394	
301	0.0	451	2.92472	414	9.345	
45	0.0	205	0.815278	125	2.79139	
45	0.0	125	1.55083	205	1.83889	
45	0.0	125	1.55056	205	1.83861	
88	0.0	337	2.31028	340	8.81194	
250	0.0	203	10.3886	124	11.7703	
151	0.0	127	13.9344	139	29.1181	
92	0.0	41	4.70083	125	8.06917	
45	0.0	125	1.27972	205	1.61333	
45	0.0	205	0.582778	125	2.79306	
3	0.0	430	10.2061	54	13.6686	
21	0.0	22	5.46056	20	14.7331	
251	0.0	203	10.2953	124	11.5894	
47	0.0	337	11.0733	220	18.5042	
200	0.0	203	4.11889	124	4.65222	
16	0.0	203	0.650278	124	0.891111	
45	0.0	205	0.819722	125	3.11889	
26	0.0	131	15.0353	41	30.8289	
40	0.0	151	12.9153	127	13.1872	
112	0.0	222	20.9783	42	26.4708	
273	0.0	339	8.30417	425	16.77	
284	0.0	315	10.3617	356	17.8789	
40	0.0	155	9.72361	415	11.1081	
66	0.0	155	6.50278	341	9.66667	
243	0.0	124	3.29583	203	4.385	
15	0.0	208	10.2856	42	13.3786	
89	0.0	396	5.83722	386	9.44722	
271	0.0	379	12.7131	238	30.5878	
66	0.0	312	9.07972	150	10.2972	
41	0.0	241	4.06556	195	48.5944	
45	0.0	125	1.58694	205	2.18194	
188	0.0	229	19.0444	204	21.2253	
350	0.0	151	2.84778	341	3.78278	
21	0.0	357	7.54333	320	8.92944	
189	0.0	360	5.965	361	6.89556	
21	0.0	451	1.93528	377	2.25111	
177	0.0	484	1.58389	304	3.08556	
21	0.0	320	1.15444	396	22.7528	
7	0.0	257	32.3072	138	47.5728	
327	0.0	356	18.9142	318	40.0556	
151	0.0	356	18.6164	303	40.2344	
34	0.0	336	1.34667	455	49.5192	
41	0.0	127	10.1047	53	10.7828	
112	0.0	201	0.0597222	202	0.211944	
123	0.0	135	47.2047	136	47.6711	
222	0.0	203	21.0739	132	23.3206	
274	0.0	430	19.6853	392	19.7914	
281	0.0	477	0.139167	370	0.148333	
92	0.0	241	18.0867	202	18.1539	
45	0.0	205	2.16306	125	6.905	
94	0.0	131	46.5606	226	46.9267	
91	0.0	313	0.146944	357	4.56056	
250	0.0	203	6.92333	44	23.2728	
89	0.0	360	0.17	361	0.711667	
98	0.0	42	48.9278	128	49.3433	
445	0.0	290	0.000555556	292	0.103333	
445	0.0	290	0.000555556	287	0.177222	
175	0.0	396	0.386111	395	22.1522	
5	0.0	214	3.1075	316	5.10556	
45	0.0	205	1.09528	125	3.86583	
83	0.0	482	2.47806	368	14.6478	
75	0.0	45	0.691111	125	3.31167	
45	0.0	205	3.43306	125	20.1586	
3	0.0	402	4.32556	223	19.2072	
45	0.0	205	2.45306	125	3.45056	
89	0.0	377	14.8303	437	16.0361	
21	0.0	475	27.5394	214	31.0483	
126	0.0	125	11.0114	127	11.7742	
126	0.0	125	11.0289	127	11.7917	
126	0.0	125	11.005	127	11.7678	
41	0.0	124	13.4022	125	14.6631	
295	0.0	289	1.28306	292	1.35667	
25	0.0	214	0.526667	467	1.56417	
177	0.0	315	1.3375	403	17.9569	
39	0.0	402	1.41222	403	13.4822	
86	0.0	402	4.33306	403	16.4031	
6	0.0	402	1.33139	403	13.4014	
25	0.0	402	1.33611	403	13.4061	
265	0.0	143	1.40194	127	47.2083	
147	0.0	413	0.281389	214	1.57528	
29	0.0	151	1.28194	127	22.3733	
45	0.0	205	0.4625	125	1.49	
351	0.0	396	21.4131	313	40.7856	
23	0.0	361	19.1967	360	19.73	
89	0.0	359	18.8572	472	38.5242	
45	0.0	205	0.461667	125	0.992222	
162	0.0	314	0.173889	362	6.28556	
184	0.0	436	4.01944	320	7.32056	
261	0.0	313	5.09056	402	7.86917	
298	28.8258	299	37.0044	296	42.1875	
45	0.0	205	0.531667	125	0.995556	
245	0.0	223	2.495	229	32.8033	
77	0.0	397	11.6233	401	29.4608	
77	0.0	397	6.11222	401	23.9497	
66	0.0	151	3.34028	127	3.87361	
45	0.0	205	0.610556	125	1.94389	
45	0.0	205	0.08	125	1.55278	
13	0.0	472	10.075	378	43.9669	
92	0.0	386	13.2097	195	40.8558	
335	0.0	354	12.0767	403	12.8836	
280	0.0	399	35.1256	324	40.0103	
5	0.0	320	5.13333	487	27.8914	
147	0.0	413	16.6675	153	42.9903	
82	0.0	475	13.8575	320	19.1372	
265	0.0	285	40.5822	125	45.1156	
41	0.0	53	24.6486	124	28.635	
16	0.0	320	13.0689	313	20.4178	
45	0.0	205	0.109167	125	1.07444	
62	0.0	203	36.1031	124	36.3317	
70	0.0	361	43.0378	360	43.1642	
13	0.0	402	15.7581	313	24.6908	
45	0.0	205	0.0916667	125	1.06	
16	0.0	402	3.70333	313	12.6361	
45	0.0	205	0.0608333	125	0.526667	
156	0.0	224	10.8356	46	47.1869	
45	0.0	205	0.180556	125	1.58306	
5	0.0	465	27.8208	412	33.2353	
169	0.0	476	3.44972	315	4.01278	
335	0.0	485	39.3825	319	44.4222	
45	0.0	205	0.0980556	125	2.57083	
33	0.0	402	1.05333	336	21.3028	
3	0.0	285	0.1875	125	6.69972	
23	0.0	322	0.89	323	17.3928	
45	0.0	205	0.0666667	125	2.42417	
6	0.0	482	0.646667	368	7.40556	
78	0.0	241	9.10611	202	18.1931	
45	0.0	205	0.648889	125	1.41	
122	0.0	449	7.84917	207	33.8481	
67	0.0	410	0.719444	42	14.3608	
162	0.0	436	6.16722	396	14.8567	
41	0.0	203	12.9764	124	13.0922	
292	4.30639	290	6.05778	445	6.66944	
71	0.0	202	1.06056	214	40.7119	
92	0.0	247	21.8133	422	43.4511	
21	0.0	151	7.93472	127	8.78167	
66	0.0	151	2.27528	127	3.12222	
66	0.0	151	2.59306	127	3.44	
288	0.0	292	14.1639	445	16.5269	
22	0.0	20	6.78417	328	9.51778	
41	0.0	241	2.9675	124	14.1383	
45	0.0	205	0.115278	125	1.62389	
26	0.0	228	8.905	141	27.3825	
83	0.0	467	11.8247	135	35.0128	
94	0.0	131	17.2539	389	27.7742	
121	0.0	227	7.28972	242	34.4347	
26	0.0	41	2.72083	248	6.20861	
108	0.0	313	4.44611	355	6.73056	
23	0.0	312	0.511389	468	9.68194	
172	0.0	413	3.72472	415	6.97889	
45	0.0	205	0.0594444	125	1.57667	
45	0.0	205	0.1075	125	1.625	
112	0.0	203	24.8181	124	25.3594	
66	0.0	150	7.54444	151	31.0133	
46	0.0	208	1.20389	42	2.99528	
23	0.0	155	45.4083	127	48.1183	
89	0.0	435	1.605	403	3.69	
7	0.0	151	18.3008	354	18.7186	
148	0.0	152	1.58194	418	30.61	
41	0.0	203	1.52556	124	1.76194	
82	0.0	320	4.30667	313	5.96944	
51	0.0	135	7.02444	390	8.57	
172	0.0	155	0.524444	127	1.03056	
112	0.0	203	0.927222	124	1.3625	
45	0.0	205	0.111944	125	1.6375	
295	0.0	292	14.8275	291	21.1553	
152	0.0	411	4.15056	139	29.5289	
53	0.0	202	2.93972	127	29.9475	
188	0.0	126	2.40306	125	4.43889	
41	0.0	124	21.005	195	34.3733	
352	0.0	420	3.78083	388	7.6	
5	0.0	339	1.47917	153	25.5975	
333	0.0	354	4.01667	314	8.38194	
156	0.0	357	2.90861	470	6.10194	
45	0.0	205	0.209722	125	1.22972	
82	0.0	143	9.91667	127	35.6697	
344	0.0	47	20.2331	127	23.3397	
309	0.0	412	7.41556	313	9.56333	
407	0.0	152	1.88861	418	26.6808	
151	0.0	150	2.32556	303	18.6289	
70	0.0	361	21.5064	360	21.6306	
7	0.0	326	0.4625	439	20.5503	
243	0.0	41	2.94722	124	5.28389	
69	0.0	46	4.95111	208	8.80583	
92	0.0	319	12.2053	422	18.2197	
350	0.0	155	24.3333	127	25.0372	
86	0.0	239	8.58222	214	34.4294	
66	0.0	150	2.25861	463	20.1642	
108	0.0	317	5.8725	320	8.72306	
184	0.0	127	12.4392	155	12.5336	
184	0.0	127	6.92028	155	7.01472	
25	0.0	127	3.50833	155	3.60278	
45	0.0	205	0.711111	125	0.728056	
45	0.0	205	0.406111	125	1.38056	
23	0.0	378	7.00028	339	19.5639	
117	0.0	126	4.26083	125	7.64111	
89	0.0	359	17.1597	396	18.6803	
156	0.0	229	8.8625	245	19.6072	
45	0.0	205	0.440278	125	0.956667	
45	0.0	205	0.679722	125	1.12639	
11	0.0	405	16.7047	302	28.9611	
245	0.0	229	21.1725	223	27.6056	
45	0.0	205	0.674167	125	1.1975	
54	0.0	59	9.85	203	33.5719	
45	0.0	205	0.525	125	1.57694	
45	0.0	205	0.525556	125	1.57694	
89	0.0	313	10.1778	319	10.3708	
164	0.0	131	9.06056	389	42.3894	
200	0.0	203	7.11278	124	29.4742	
66	0.0	127	4.36778	151	11.3078	
13	0.0	321	4.59722	353	11.1222	
45	0.0	205	0.356389	125	2.36167	
41	0.0	195	32.9714	125	47.3708	
295	0.0	290	5.25361	445	9.73	
45	0.0	205	0.727778	125	2.02917	
94	0.0	155	17.7517	127	18.8611	
11	0.0	302	4.66389	405	18.2425	
189	0.0	396	1.54556	436	8.43361	
193	0.0	151	5.56139	150	7.88417	
305	0.0	315	5.25306	403	5.39139	
108	0.0	396	2.06556	423	4.36583	
250	0.0	203	3.68167	124	4.32833	
6	0.0	487	15.3775	302	16.1081	
54	0.0	41	1.18972	225	4.44722	
38	0.0	336	4.03861	322	12.9217	
35	0.0	312	11.3181	150	17.4989	
282	0.0	395	5.1925	359	46.3961	
344	0.0	47	6.97056	127	8.69222	
271	0.0	355	11.4967	315	11.9856	
250	0.0	203	4.07306	124	4.54583	
271	0.0	315	11.9858	423	12.6642	
45	0.0	125	0.482222	205	0.512778	
21	0.0	138	2.71861	317	4.44167	
41	0.0	127	1.94889	125	3.72611	
23	0.0	143	6.19389	463	6.77306	
26	0.0	241	1.69083	208	11.6544	
82	0.0	320	25.4294	42	46.8308	
45	0.0	205	0.647222	125	1.20722	
45	0.0	205	0.647222	125	1.20694	
173	0.0	127	26.1544	151	27.5997	
183	0.0	317	16.8025	304	17.6942	
200	0.0	203	1.05944	124	1.53667	
243	0.0	203	0.266667	124	0.483056	
25	0.0	361	25.3164	360	25.4522	
45	0.0	125	0.916667	205	0.944444	
45	0.0	125	1.19111	205	1.21889	
334	0.0	196	20.6611	316	41.5706	
92	0.0	218	15.2864	242	24.8042	
45	0.0	205	0.412222	125	0.983333	
101	0.0	242	0.620833	216	18.4378	
71	0.0	242	22.2439	216	40.0608	
89	0.0	54	0.901111	362	1.10417	
75	0.0	326	27.7514	131	33.7042	
160	0.0	155	4.35111	127	12.0933	
86	0.0	261	30.6408	317	36.9642	
160	0.0	151	1.68056	127	22.9206	
45	0.0	125	0.649722	205	2.34639	
23	0.0	155	3.93056	361	25.4114	
309	0.0	314	4.72028	485	16.5128	
112	0.0	41	2.42528	124	7.85778	
90	0.0	48	19.1117	136	32.9958	
172	0.0	143	8.22056	127	37.5642	
41	0.0	126	11.6011	127	11.67	
3	0.0	218	21.0278	196	21.4906	
177	0.0	396	3.105	362	22.0658	
59	0.0	203	12.4981	124	13.1758	
45	0.0	205	0.536389	125	4.56389	
237	0.0	203	16.2006	124	16.31	
48	0.0	132	5.27056	42	17.8558	
13	0.0	138	1.4625	155	13.5408	
272	0.0	475	23.7317	311	24.8997	
413	0.0	415	14.17	136	15.1522	
23	0.0	354	8.05694	312	15.9231	
23	0.0	151	9.44639	127	11.7794	
112	0.0	237	1.53222	222	26.7492	
45	0.0	205	0.0991667	125	0.570278	
45	0.0	205	0.0991667	125	0.570278	
13	0.0	484	5.97139	357	13.3367	
13	0.0	396	9.07222	359	34.5639	
88	0.0	1	28.1172	2	44.0375	
191	0.0	484	1.28083	361	9.58111	
7	0.0	151	17.0686	127	18.1833	
165	0.0	2	33.6553	1	41.4147	
147	0.0	413	14.8678	415	16.2544	
99	0.0	152	7.7125	440	16.4231	
47	0.0	337	35.9086	258	37.5656	
18	0.0	241	2.83861	126	4.6825	
40	0.0	155	15.6656	127	28.4731	
446	0.0	375	24.7864	448	36.6033	
193	0.0	312	5.30417	131	19.4031	
336	0.0	482	10.9567	1	21.7619	
112	0.0	124	2.8375	203	3.00722	
162	0.0	312	5.57361	403	6.95556	
148	0.0	243	12.8381	63	27.7014	
98	0.0	315	10.3539	312	13.1194	
184	0.0	359	23.9033	361	24.7453	
8	0.0	359	21.9194	436	38.4244	
52	0.0	42	2.39111	132	13.5492	
45	0.0	338	0.12	205	0.387778	
271	0.0	379	12.5036	238	30.8786	
39	0.0	402	1.20667	450	7.03722	
98	0.0	151	7.03028	127	8.58333	
25	0.0	150	0.320833	396	19.9814	
200	0.0	203	6.40694	124	6.43583	
4	0.0	432	1.13889	316	28.2083	
117	0.0	126	1.56861	125	3.97944	
90	0.0	48	11.6406	136	15.0822	
4	0.0	432	2.35083	316	6.87139	
4	0.0	432	7.47972	316	33.6142	
45	0.0	205	0.359722	338	3.11583	
107	0.0	42	34.0467	65	46.6842	
17	0.0	126	29.0269	127	30.5783	
290	27.4692	469	30.9353	445	49.8692	
341	0.0	151	0.534722	127	22.6297	
45	0.0	205	1.24917	338	2.42889	
108	0.0	361	7.63306	360	7.76889	
12	0.0	436	7.30917	215	25.4239	
41	0.0	139	24.9481	195	36.1022	
253	0.0	41	2.97111	125	6.01333	
21	0.0	155	25.3461	127	25.6356	
23	0.0	155	19.2761	127	19.6189	
160	0.0	143	27.4575	127	27.6414	
352	0.0	155	19.1192	127	19.4619	
112	0.0	240	2.01639	241	2.53944	
13	0.0	155	22.7911	127	23.5369	
53	0.0	41	14.3558	124	17.3486	
3	0.0	135	10.1617	123	29.3083	
5	0.0	315	5.07056	316	49.095	
89	0.0	396	2.48694	218	46.5544	
53	0.0	41	18.7228	124	24.7481	
45	0.0	205	0.533056	338	1.14333	
152	0.0	143	5.95333	127	23.0103	
25	0.0	467	0.100278	405	48.1356	
41	0.0	203	11.1856	124	11.9403	
110	0.0	54	15.0683	241	17.3608	
62	0.0	203	10.9608	124	11.6981	
263	0.0	410	1.02028	126	15.6906	
177	0.0	359	15.6467	378	20.5469	
5	0.0	2	28.9058	1	36.6653	
5	0.0	2	28.9061	1	36.6656	
41	0.0	203	6.31389	124	6.97111	
112	0.0	203	8.14583	124	8.8025	
3	0.0	150	18.3092	363	26.1094	
94	0.0	321	10.4317	311	11.7158	
112	0.0	237	0.975556	222	2.75333	
143	0.0	127	11.4036	151	18.4717	
282	0.0	311	24.0031	395	33.3069	
347	0.0	155	6.46611	127	7.04583	
445	19.1828	288	22.2128	293	47.7903	
290	0.0	445	23.4022	288	26.4322	
40	0.0	155	13.6839	127	14.7722	
254	0.0	136	12.4675	44	36.5878	
284	0.0	315	11.3481	403	15.9717	
112	0.0	222	11.5408	244	12.5578	
18	0.0	228	3.11389	240	17.5261	
222	0.0	203	1.39583	124	1.79056	
193	0.0	151	1.45972	127	29.1225	
112	0.0	203	2.32972	124	2.97056	
274	0.0	392	5.71306	427	8.30194	
5	0.0	422	9.59222	226	26.5242	
7	0.0	155	8.10028	127	8.44306	
21	0.0	155	10.4858	127	11.5742	
172	0.0	155	1.03861	127	2.12694	
148	0.0	155	11.9628	127	13.0511	
172	0.0	155	15.6031	127	16.6914	
66	0.0	151	4.90583	127	5.49528	
147	0.0	151	1.85278	127	2.44222	
21	0.0	57	11.1422	240	21.1139	
272	0.0	302	9.38417	423	34.7258	
184	0.0	396	0.452222	436	16.155	
115	0.0	486	5.03083	449	5.54444	
70	0.0	155	12.0022	127	12.345	
151	0.0	363	14.0897	127	17.2361	
54	0.0	203	2.72583	124	3.19889	
334	0.0	359	14.8811	361	20.7261	
17	0.0	201	1.39389	126	27.4189	
428	0.0	392	0.991667	391	4.00167	
41	0.0	203	0.739444	124	1.48083	
45	0.0	205	0.412222	338	1.06528	
243	0.0	203	2.51528	124	2.98917	
174	0.0	151	2.04944	127	3.80361	
173	0.0	151	2.32444	127	4.07861	
330	0.0	487	12.1603	315	43.9847	
45	0.0	205	0.645833	338	0.796389	
60	0.0	320	2.58472	468	3.50583	
148	0.0	156	37.6672	337	46.9044	
250	0.0	203	22.6414	124	23.3814	
184	0.0	396	0.422778	436	13.6178	
37	0.0	467	3.78028	152	31.8931	
18	0.0	196	5.92944	316	22.2844	
45	0.0	205	0.576389	338	1.72889	
25	0.0	150	2.06556	412	3.85333	
173	0.0	312	2.61833	303	5.55306	
91	0.0	155	1.76361	150	3.95917	
82	0.0	143	16.4467	127	17.615	
45	0.0	205	0.719722	338	1.875	
101	0.0	216	27.6167	242	30.0556	
161	0.0	476	2.10833	150	18.7989	
45	0.0	205	0.685833	338	1.34	
109	0.0	226	37.5519	133	40.005	
23	0.0	151	1.20667	127	4.05833	
45	0.0	205	0.650833	338	0.805	
41	0.0	150	2.39667	42	47.9181	
5	0.0	41	48.6678	124	49.3778	
13	0.0	128	8.41444	231	48.7256	
51	0.0	41	17.5086	124	18.3011	
45	0.0	205	0.618611	338	3.31833	
16	0.0	196	5.16556	316	21.5206	
45	0.0	205	0.845	338	5.80556	
38	0.0	450	11.7419	386	12.1661	
172	0.0	155	1.52778	127	2.00278	
110	0.0	41	21.2492	124	24.3458	
280	0.0	436	10.8592	312	18.9136	
5	0.0	438	10.2219	357	45.2903	
45	0.0	205	0.948889	338	3.57139	
41	0.0	200	23.7497	124	31.0042	
90	0.0	48	20.4617	136	22.1964	
26	0.0	241	2.43861	216	6.05944	
3	0.0	322	0.0208333	336	1.81194	
45	0.0	205	0.326389	338	0.87	
57	0.0	241	3.38583	208	28.7986	
309	0.0	314	3.01056	485	37.6031	
90	0.0	135	7.56056	155	21.6244	
45	0.0	205	0.397778	338	0.554444	
5	0.0	131	9.82722	42	46.9569	
3	0.0	450	2.48278	399	4.34778	
162	0.0	155	23.79	127	24.3703	
92	0.0	141	11.7831	150	21.5783	
23	0.0	155	11.39	359	34.0767	
5	0.0	320	11.5958	42	36.1694	
26	0.0	247	29.16	228	30.5528	
21	0.0	155	11.4986	127	34.6356	
41	0.0	203	1.405	124	2.03861	
45	0.0	205	0.489722	338	1.08806	
49	0.0	197	18.9997	47	29.1878	
7	0.0	302	4.9325	150	8.81222	
108	0.0	150	1.40611	242	4.46694	
73	0.0	314	5.16444	429	6.18222	
40	0.0	155	11.9661	127	35.1031	
193	0.0	155	4.29194	127	27.4289	
40	0.0	155	11.3197	127	34.4567	
21	0.0	155	11.4983	127	34.6353	
66	0.0	155	4.74972	127	27.8867	
35	0.0	151	10.3744	127	20.8519	
53	0.0	41	1.75694	127	11.9861	
333	0.0	430	2.02083	314	4.97917	
369	0.0	431	11.3556	359	33.3903	
193	0.0	150	6.20528	357	27.8975	
78	0.0	47	9.73556	127	11.5269	
25	0.0	355	2.27083	150	8.69111	
45	0.0	205	0.146944	338	0.293889	
153	0.0	359	24.4031	396	26.7747	
45	0.0	205	0.383056	338	1.50694	
45	0.0	205	0.115833	338	1.23972	
83	0.0	472	4.54944	357	13.3525	
265	0.0	354	17.6833	396	47.1361	
45	0.0	338	0.170833	205	1.85944	
45	0.0	205	0.274722	338	1.37583	
45	0.0	205	0.300833	338	0.840833	
35	0.0	150	18.1972	155	18.4822	
295	0.0	445	4.79972	292	6.32222	
78	0.0	41	5.74389	124	8.15667	
26	0.0	203	1.59139	124	2.13833	
66	0.0	155	11.7175	127	12.0947	
92	0.0	41	32.1197	124	37.1064	
333	0.0	354	4.325	403	7.86139	
75	0.0	155	6.13806	127	6.30306	
147	0.0	143	3.7875	127	4.58111	
170	0.0	341	24.1219	127	24.5553	
172	0.0	143	6.00083	127	6.9575	
26	0.0	241	1.48194	228	16.2208	
184	0.0	155	7.20333	127	7.78361	
280	0.0	396	3.65472	317	19.8797	
41	0.0	127	7.30528	124	8.04139	
41	0.0	127	28.0186	124	28.7547	
41	0.0	127	30.4294	124	31.1656	
41	0.0	127	46.7322	124	47.4683	
236	0.0	41	29.5453	125	34.8522	
211	0.0	205	30.245	338	31.2958	
3	0.0	368	10.1053	399	11.1136	
82	0.0	226	37.5928	42	49.3303	
45	0.0	205	0.657222	338	0.705278	
37	0.0	313	13.7875	486	15.8414	
74	0.0	241	7.35056	226	33.0878	
101	0.0	216	10.9394	242	14.7417	
46	0.0	208	2.95556	132	43.4239	
89	0.0	377	16.5533	435	17.9039	
13	0.0	402	15.8072	403	45.3892	
45	0.0	338	0.571667	205	0.575	
45	0.0	205	0.79	338	1.28972	
66	0.0	438	22.0056	150	29.4878	
65	0.0	213	26.2244	134	29.7825	
387	0.0	357	1.65778	431	2.36417	
7	0.0	412	4.01056	427	4.56611	
327	0.0	412	5.43444	425	24.2733	
344	0.0	47	42.5217	127	46.9756	
250	0.0	41	27.7164	124	30.0092	
45	0.0	205	0.391111	338	0.521111	
45	0.0	205	0.849167	338	1.45306	
13	0.0	484	0.683889	150	36.4325	
333	0.0	297	8.15167	425	46.4344	
89	0.0	472	10.8014	431	23.9647	
13	0.0	472	4.30917	357	11.5517	
295	0.0	291	9.41139	289	14.7428	
86	0.0	275	5.83528	484	8.32222	
90	0.0	151	7.83917	127	9.1	
41	0.0	248	18.8572	124	47.8272	
327	0.0	403	3.19111	419	22.9206	
309	0.0	320	4.35306	487	26.5972	
334	0.0	431	18.8469	317	41.0319	
334	0.0	431	16.7058	403	32.9611	
5	0.0	337	10.2083	465	35.0872	
73	0.0	318	1.10778	465	4.22333	
148	0.0	41	9.85333	124	15.5658	
377	0.0	437	7.34056	403	20.575	
45	0.0	338	0.0222222	205	0.665	
82	0.0	419	28.8108	427	47.3975	
89	0.0	396	9.35083	150	23.0933	
3	0.0	315	1.465	399	7.21972	
46	0.0	208	3.58861	48	47.6253	
41	0.0	211	29.6453	205	30.6992	
41	0.0	203	9.55083	124	9.96889	
112	0.0	203	2.16556	124	2.55389	
26	0.0	202	7.43806	385	7.75111	
259	0.0	195	6.1775	223	35.1692	
112	0.0	41	15.2839	124	33.1478	
112	0.0	237	6.15417	225	9.56167	
66	0.0	151	1.64278	127	1.96806	
5	0.0	42	16.9528	131	27.3939	
112	0.0	41	21.0069	124	21.0292	
344	0.0	47	12.6667	220	47.0672	
45	0.0	205	0.469722	338	0.795833	
45	0.0	205	0.0175	338	0.343611	
45	0.0	205	0.476944	338	0.803056	
327	0.0	392	0.954722	355	12.5053	
45	0.0	205	0.116667	338	1.10972	
13	0.0	155	3.23222	127	3.25111	
25	0.0	155	38.8128	127	39.9733	
193	0.0	155	0.0444444	127	1.205	
7	0.0	155	38.6947	127	39.8553	
21	0.0	155	12.0067	127	13.1672	
178	0.0	315	4.69278	412	19.9486	
170	0.0	126	8.12833	127	20.8767	
284	0.0	315	10.3314	404	35.7856	
200	0.0	203	6.70028	124	7.11278	
49	0.0	47	7.54639	127	13.6519	
23	0.0	151	6.37333	127	9.04278	
35	0.0	150	10.9133	435	12.1672	
177	0.0	396	0.847222	359	2.34	
97	0.0	153	3.53444	413	5.35722	
329	0.0	153	10.0728	413	11.8956	
237	0.0	203	9.1	124	9.70056	
38	0.0	336	0.120556	1	46.0828	
188	0.0	126	3.96389	225	7.44611	
82	0.0	317	2.74361	137	29.9406	
18	0.0	143	4.93528	127	38.3972	
160	0.0	151	14.8111	155	32.7019	
62	0.0	241	0.763333	204	7.6225	
7	0.0	155	17.9683	127	43.7128	
45	0.0	205	0.611667	338	0.941111	
52	0.0	132	12.0083	42	48.5264	
45	0.0	205	0.407222	125	1.86972	
352	0.0	420	13.1936	427	17.0519	
290	0.0	445	18.9731	293	35.7617	
66	0.0	143	26.2517	127	28.0711	
369	0.0	314	1.40583	318	4.93389	
26	0.0	126	4.915	125	6.16028	
329	0.0	196	4.31389	434	10.1692	
45	0.0	205	0.978333	125	1.11639	
45	0.0	205	0.978333	125	1.11667	
295	0.0	289	0.340278	287	14.2247	
172	0.0	155	3.21806	150	26.0856	
333	0.0	314	5.58722	312	5.73194	
7	0.0	359	12.8172	314	12.8386	
222	0.0	203	10.6311	124	11.4481	
327	0.0	318	5.8	355	22.8017	
90	0.0	155	3.39556	127	3.63028	
13	0.0	155	16.2083	127	16.4431	
62	0.0	47	0.141944	241	0.374722	
45	0.0	205	0.353611	125	1.30361	
8	0.0	482	6.73639	339	16.2203	
7	0.0	126	25.5036	127	28.2103	
147	0.0	143	3.10222	127	5.81389	
83	0.0	130	22.1683	42	39.2014	
45	0.0	205	0.389167	125	4.8275	
167	0.0	275	1.2175	438	8.96028	
309	0.0	405	4.98528	297	13.6139	
92	0.0	141	4.72111	57	11.4253	
167	0.0	275	0.531111	438	5.09194	
41	0.0	247	19.0361	195	25.4833	
82	0.0	151	7.39694	127	7.97111	
45	0.0	205	0.629167	125	2.05667	
89	0.0	435	14.4139	362	23.0558	
55	0.0	396	0.504444	427	9.13639	
21	0.0	127	10.0486	155	10.0531	
193	0.0	127	0.0622222	155	0.0666667	
193	0.0	127	0.0622222	155	0.0666667	
172	0.0	127	15.4789	155	15.4833	
193	0.0	127	0.0622222	155	0.0666667	
40	0.0	127	12.5736	155	12.5781	
112	0.0	203	1.69444	124	1.83722	
348	0.0	48	30.91	136	30.9553	
162	0.0	397	4.44667	374	4.70389	
78	0.0	41	30.2053	125	30.9433	
280	0.0	436	1.66722	323	2.38472	
398	0.0	317	45.2444	421	49.4922	
264	0.0	126	0.705556	125	2.41111	
173	0.0	155	15.6892	442	36.3169	
264	0.0	126	18.2306	125	19.385	
173	0.0	151	3.6875	150	4.17	
26	0.0	126	21.6117	125	22.4892	
88	0.0	126	3.16528	125	4.04278	
27	0.0	19	23.9367	42	28.6164	
45	0.0	125	0.663611	205	0.727778	
147	0.0	366	4.87861	463	8.06417	
126	0.0	125	1.56528	127	2.12694	
101	0.0	216	12.055	57	28.9442	
66	0.0	196	37.9381	431	45.1003	
173	0.0	126	3.41333	127	3.85361	
101	0.0	216	0.754167	337	9.47583	
119	0.0	414	6.32083	359	16.8981	
23	0.0	361	29.4964	360	30.1522	
372	0.0	361	8.00222	360	8.65806	
70	0.0	361	17.5964	360	18.2522	
15	0.0	46	36.4808	208	39.8114	
170	0.0	127	5.28722	155	7.83556	
21	0.0	127	22.7011	155	25.2494	
280	0.0	151	3.73917	128	7.4725	
23	0.0	359	9.25611	320	12.1667	
45	0.0	205	0.121667	125	1.52611	
184	0.0	155	5.02722	25	19.1908	
295	0.0	289	6.58806	294	17.005	
78	0.0	41	4.345	126	19.3114	
23	0.0	127	16.5283	155	16.6447	
281	0.0	135	31.4192	1	42.8736	
309	0.0	315	0.907222	412	19.1847	
90	0.0	128	9.64111	155	46.6053	
123	0.0	41	10.9147	124	11.1828	
168	0.0	319	1.15306	150	2.53556	
40	0.0	155	13.0058	127	14.3942	
194	0.0	203	0.361389	124	0.893056	
222	0.0	203	13.2678	124	13.8325	
177	0.0	314	5.95722	378	18.4925	
92	0.0	126	20.3636	127	24.0772	
253	0.0	53	7.16361	127	7.39056	
295	0.0	291	2.25167	289	10.6606	
45	0.0	205	1.14556	338	2.42444	
193	0.0	151	7.56694	127	12.3617	
66	0.0	151	3.49333	127	4.82889	
193	0.0	151	2.46	127	3.79556	
92	0.0	297	17.3894	313	44.515	
21	0.0	155	10.1956	127	11.5839	
40	0.0	155	15.1264	127	16.5147	
13	0.0	336	8.76417	322	18.9167	
66	0.0	150	9.69444	151	15.6047	
193	0.0	150	5.0775	151	10.9878	
13	0.0	127	7.53333	155	7.64972	
71	0.0	221	18.7089	217	49.2011	
332	0.0	425	1.42	455	2.57028	
7	0.0	322	7.61111	323	10.5453	
271	0.0	315	10.5906	379	14.1517	
284	0.0	355	13.0219	339	28.5197	
69	0.0	486	21.4419	42	24.9542	
13	0.0	374	0.434167	355	24.665	
13	0.0	374	6.29806	219	49.0625	
5	0.0	155	6.42889	127	7.22389	
7	0.0	155	16.1192	127	16.9142	
349	0.0	155	1.93306	127	2.72806	
172	0.0	155	2.60694	127	3.40194	
41	0.0	203	0.885	124	1.33306	
41	0.0	203	0.868889	124	1.35972	
352	0.0	420	8.04278	355	15.3239	
172	0.0	151	2.17361	127	3.81028	
398	0.0	320	4.07	475	4.7925	
202	0.0	203	2.67611	124	3.3725	
82	0.0	402	0.482222	313	3.08972	
15	0.0	42	7.11028	132	18.2675	
283	0.0	155	2.63639	150	24.3	
327	0.0	314	1.66722	424	4.3875	
28	0.0	151	1.49389	127	3.39583	
89	0.0	396	1.44111	435	2.97667	
17	0.0	41	15.0239	130	36.1308	
89	0.0	362	4.60278	311	14.6383	
92	0.0	41	0.998611	124	1.13028	
188	0.0	126	18.3894	127	21.74	
23	0.0	155	2.16167	127	2.78611	
189	0.0	155	5.68111	127	6.30556	
351	0.0	155	6.47611	127	7.10056	
23	0.0	155	4.91889	127	5.54333	
162	0.0	403	9.96944	320	10.7583	
5	0.0	315	1.16472	353	19.5675	
92	0.0	135	4.35028	65	10.3606	
149	0.0	150	2.23639	153	18.7156	
89	0.0	396	3.45361	435	19.0383	
172	0.0	151	1.15444	303	31.3261	
117	0.0	48	19.3008	136	27.8489	
82	0.0	419	5.2875	317	20.7194	
261	0.0	313	11.5236	297	33.7536	
13	0.0	358	0.979444	65	28.3344	
60	0.0	151	9.30444	127	9.8775	
295	0.0	291	5.10472	289	5.12111	
182	0.0	275	0.649444	311	1.89333	
23	0.0	151	7.58917	127	9.49111	
46	0.0	366	2.18	42	35.0464	
40	0.0	155	15.4208	127	16.3739	
277	0.0	275	3.36583	438	7.00528	
254	0.0	219	9.08389	210	9.46222	
162	0.0	475	6.94194	396	11.0486	
108	0.0	219	15.7144	204	17.6272	
66	0.0	317	11.4039	438	14.4067	
45	0.0	205	0.695556	125	1.30056	
162	0.0	155	11.8789	436	17.8053	
45	0.0	205	0.783056	338	5.80667	
26	0.0	234	18.5311	481	23.4033	
26	0.0	241	1.09944	228	8.52611	
117	0.0	47	9.27806	127	23.3014	
47	0.0	220	3.29611	127	3.76556	
306	0.0	405	12.6875	421	25.9947	
7	0.0	155	6.21583	127	7.16889	
40	0.0	155	13.7339	127	14.6869	
148	0.0	155	14.4333	127	15.3864	
21	0.0	155	11.1206	127	12.0736	
5	0.0	155	14.2217	127	15.1747	
15	0.0	486	8.72944	42	37.1222	
35	0.0	312	10.1097	150	17.1844	
158	0.0	455	5.09111	155	12.0275	
178	0.0	156	8.89361	127	9.21139	
16	0.0	41	3.62778	124	6.1975	
45	0.0	205	0.593056	125	31.6819	
33	0.0	19	17.6047	357	28.3069	
35	0.0	151	12.1575	127	13.1572	
25	0.0	340	1.86361	395	9.65139	
327	0.0	412	3.71806	423	10.2036	
160	0.0	155	19.1542	363	41.1906	
90	0.0	41	3.57333	124	5.12	
89	0.0	357	3.36167	472	22.7706	
327	0.0	427	17.275	314	23.5025	
112	0.0	337	9.81472	217	28.8681	
253	0.0	41	1.63417	124	2.60806	
82	0.0	388	5.03556	311	16.3011	
271	0.0	315	1.11917	421	5.94056	
173	0.0	151	16.0489	313	30.2289	
184	0.0	320	10.6597	464	23.4047	
88	0.0	2	24.0378	1	43.2508	
6	0.0	2	15.8333	1	35.0464	
149	0.0	151	1.01972	127	4.2575	
92	0.0	126	19.2231	127	22.7983	
45	0.0	205	0.564167	338	4.00917	
327	0.0	426	4.9975	419	9.81417	
280	0.0	320	5.01278	324	13.1	
178	0.0	150	2.975	403	28.4036	
184	0.0	396	0.960833	155	2.65333	
295	0.0	289	0.843333	286	42.58	
82	0.0	396	4.26972	357	24.9178	
121	0.0	43	1.96	366	19.6175	
123	0.0	41	49.0231	127	49.0944	
47	0.0	258	17.0356	127	29.9942	
182	0.0	150	7.335	226	29.0486	
45	0.0	205	0.723056	125	0.863611	
53	0.0	124	17.4144	222	28.6839	
327	0.0	392	0.881111	403	4.50278	
110	0.0	241	4.32361	54	16.3661	
89	0.0	396	5.58194	472	16.0028	
92	0.0	229	39.3972	245	41.1886	
18	0.0	396	3.12056	436	21.5356	
252	0.0	48	28.9556	216	39.3994	
76	0.0	359	21.9236	323	36.13	
112	0.0	203	6.51278	124	7.00333	
39	0.0	483	27.3494	19	29.5336	
15	0.0	132	20.3275	42	32.47	
52	0.0	132	24.1736	42	35.7069	
157	0.0	311	16.4122	396	31.1894	
206	0.0	229	38.3542	245	47.7769	
295	0.0	292	27.17	286	31.6986	
274	0.0	427	6.61583	303	8.41167	
147	0.0	413	15.0028	215	21.7942	
200	0.0	203	2.22667	124	2.6925	
203	0.0	46	34.4208	42	40.5914	
277	0.0	438	7.40639	275	28.9175	
91	0.0	25	0.52	72	0.610833	
66	0.0	151	4.39611	127	6.91972	
112	0.0	222	5.02444	237	29.5453	
112	0.0	247	15.3431	42	19.8006	
66	0.0	341	4.76	150	10.9833	
41	0.0	127	17.48	204	18.0114	
40	0.0	155	15.2886	127	21.5161	
7	0.0	155	6.33583	127	12.5633	
40	0.0	155	15.6194	127	21.8469	
7	0.0	155	13.6136	127	19.8411	
25	0.0	476	8.98056	155	12.2686	
243	0.0	203	21.0292	124	21.5628	
327	0.0	314	1.89861	303	6.17417	
309	0.0	314	16.4814	399	32.5997	
69	0.0	42	5.28861	366	41.2397	
184	0.0	314	0.638333	396	1.93222	
45	0.0	205	0.349444	125	1.66861	
37	0.0	315	3.13389	353	14.0692	
82	0.0	392	4.4	302	24.7239	
46	0.0	208	2.73972	48	6.97694	
305	0.0	414	14.2481	403	14.8536	
49	0.0	47	6.25583	127	7.25889	
349	0.0	155	2.63194	153	6.54556	
162	0.0	150	1.30583	378	4.51556	
41	0.0	203	5.66056	124	6.16889	
21	0.0	420	28.4875	353	28.5519	
349	0.0	413	0.918611	463	8.84639	
333	0.0	354	5.37278	403	8.86917	
148	0.0	155	28.4353	127	29.0375	
359	0.0	323	3.96861	324	15.0858	
26	0.0	41	6.3825	124	13.355	
45	0.0	205	0.659444	125	3.17028	
457	0.0	456	17.425	268	42.2858	
45	0.0	205	0.933611	125	2.68889	
110	0.0	229	27.2889	245	28.8008	
188	0.0	126	3.42556	127	5.62444	
70	0.0	361	30.4842	360	30.6089	
293	0.0	292	13.955	286	18.4836	
45	0.0	205	0.3375	125	1.17528	
60	0.0	395	1.00167	403	4.52167	
173	0.0	151	0.180833	127	47.0203	
73	0.0	405	14.3919	403	17.2614	
272	0.0	312	1.25472	421	21.3469	
281	0.0	322	7.31278	401	22.0058	
41	0.0	124	10.9411	225	11.2936	
82	0.0	312	3.02306	315	4.32972	
5	0.0	312	19.4483	317	39.1683	
154	0.0	314	2.86972	431	4.7375	
92	0.0	322	1.63917	201	16.0467	
331	0.0	314	1.10139	431	2.96917	
327	0.0	314	6.23278	317	13.3789	
21	0.0	317	3.85139	357	14.8081	
89	0.0	128	0.307222	386	12.0156	
188	0.0	479	7.33278	478	34.9389	
45	0.0	205	0.562778	338	13.4181	
290	0.0	292	3.69056	286	8.21917	
295	0.0	292	25.3808	286	29.9094	
41	0.0	127	20.8453	124	22.5992	
176	0.0	317	1.05	403	28.6317	
327	0.0	314	0.553056	320	2.815	
78	0.0	223	24.9939	227	27.3972	
73	0.0	430	7.00333	196	17.5431	
18	0.0	302	4.9775	150	7.27194	
274	0.0	427	8.94306	420	22.0125	
327	0.0	314	0.6625	403	1.80806	
45	0.0	205	0.566667	338	6.29833	
151	0.0	127	8.5625	155	15.3058	
147	0.0	136	43.8294	415	44.4039	
329	0.0	464	4.42722	134	5.36361	
172	0.0	151	2.15778	127	2.53	
190	0.0	151	3.41167	127	3.78667	
279	0.0	155	1.40778	127	1.41056	
18	0.0	2	24.0781	1	44.185	
45	0.0	205	0.281389	125	14.8975	
49	0.0	197	7.59444	47	40.7067	
5	0.0	315	2.73694	20	15.2333	
159	0.0	275	0.216111	438	33.5078	
108	0.0	472	11.7472	312	18.7836	
66	0.0	275	2.61639	438	32.1372	
46	0.0	208	3.03111	42	33.5633	
344	0.0	380	37.4694	384	40.1397	
13	0.0	314	7.75222	196	30.6828	
327	0.0	314	1.77694	403	2.74	
162	0.0	397	10.1142	150	12.3183	
60	0.0	45	0.654722	205	1.26361	
5	0.0	45	0.725	205	1.33389	
176	0.0	403	1.17972	455	31.1764	
334	0.0	353	20.9761	403	23.7153	
280	0.0	472	2.02361	324	2.64222	
73	0.0	270	7.91722	297	35.48	
327	0.0	314	0.539167	421	1.17111	
89	0.0	472	14.8328	431	25.345	
5	0.0	2	17.8039	1	37.9108	
53	0.0	41	1.18167	222	41.0131	
99	0.0	150	7.90556	54	47.8756	
89	0.0	403	4.41	359	29.6439	
47	0.0	258	11.2008	223	22.5756	
5	0.0	156	9.80528	337	39.9511	
21	0.0	422	18.6831	449	42.3028	
56	0.0	20	14.7269	42	20.0275	
327	0.0	392	9.69722	405	11.9975	
113	0.0	385	0.424444	386	13.7281	
108	0.0	317	7.72472	375	9.88056	
13	0.0	472	3.30917	315	9.92361	
5	0.0	123	28.1075	385	28.5575	
66	0.0	275	1.74972	438	6.5525	
172	0.0	413	10.6239	136	15.2769	
259	0.0	229	1.52778	195	3.7725	
66	0.0	151	1.71389	127	2.80944	
74	0.0	241	7.85417	42	13.8631	
37	0.0	389	9.32917	150	37.76	
5	0.0	155	21.43	127	22.1025	
40	0.0	155	34.3175	127	34.99	
148	0.0	155	12.7706	127	13.4431	
53	0.0	41	3.49222	124	8.63667	
16	0.0	48	18.2569	42	22.4706	
37	0.0	423	19.9083	226	21.9728	
45	0.0	205	0.226389	338	5.62361	
16	0.0	315	1.99083	402	3.28944	
25	0.0	151	20.3414	127	21.1625	
108	0.0	385	2.2675	463	5.09972	
26	0.0	217	19.8789	247	43.7675	
41	0.0	244	17.6581	127	33.4053	
66	0.0	150	11.2164	435	11.9203	
112	0.0	203	1.00028	124	1.4075	
151	0.0	127	46.6178	150	48.6472	
54	0.0	41	25.82	124	31.8933	
28	0.0	317	4.60944	321	21.66	
16	0.0	323	6.12722	357	7.92056	
66	0.0	320	2.75972	455	4.18806	
243	0.0	203	4.8975	124	5.18278	
333	0.0	326	0.183889	430	3.12028	
41	0.0	203	7.28611	124	8.0875	
160	0.0	155	2.57083	150	20.9553	
62	0.0	241	1.48833	63	32.2803	
184	0.0	422	4.45444	128	7.96278	
73	0.0	314	0.889444	354	7.52278	
92	0.0	241	2.5125	150	18.6922	
57	0.0	241	2.49694	240	26.36	
172	0.0	214	0.486389	463	8.05556	
66	0.0	353	8.81722	155	22.7342	
92	0.0	257	9.41056	195	33.4211	
41	0.0	203	2.49472	124	3.29833	
25	0.0	150	21.9864	318	28.2853	
250	0.0	203	2.12278	124	5.53722	
200	0.0	203	9.62361	124	9.84722	
30	0.0	311	12.8825	396	20.8975	
126	0.0	340	13.3069	127	23.025	
46	0.0	208	3.49611	42	37.4411	
41	0.0	127	20.2622	124	21.7178	
61	0.0	126	9.11417	127	9.92944	
48	0.0	132	15.3294	42	47.8125	
182	0.0	126	8.85194	127	9.95167	
148	0.0	304	9.76889	315	14.7147	
27	0.0	435	22.4978	20	25.8922	
184	0.0	396	3.12944	468	40.4233	
66	0.0	341	4.04028	127	5.80917	
45	0.0	205	0.649167	220	9.19778	
21	0.0	151	10.4942	150	11.7708	
47	0.0	127	22.9867	213	24.7275	
39	0.0	19	2.94556	483	21.7772	
60	0.0	216	42.7889	42	44.6094	
112	0.0	207	4.68167	244	13.5208	
264	0.0	126	11.265	225	11.3247	
7	0.0	138	5.10194	20	5.12861	
350	0.0	143	28.3069	127	28.4572	
45	0.0	205	0.253056	338	0.636111	
16	0.0	143	9.85167	127	10.0019	
295	0.0	289	3.9325	286	4.8375	
295	0.0	289	1.74417	286	2.64917	
329	0.0	464	2.3925	399	25.305	
26	0.0	216	27.7997	248	47.4647	
26	0.0	241	2.88583	311	16.4633	
108	0.0	463	2.89472	151	6.725	
333	0.0	312	2.09361	391	45.6314	
47	0.0	127	35.7653	213	49.7447	
71	0.0	57	18.9575	134	33.5908	
35	0.0	156	39.5042	150	43.7606	
108	0.0	361	8.29	360	8.60306	
21	0.0	361	7.03944	360	7.35194	
407	0.0	139	27.3233	418	27.3744	
220	0.0	47	0.895833	127	10.3775	
307	0.0	414	10.6256	405	10.8189	
292	27.1731	293	29.0022	288	39.1633	
272	0.0	312	8.255	311	14.6564	
89	0.0	435	1.01111	437	17.81	
166	0.0	385	0.741389	150	17.3969	
25	0.0	357	1.11444	150	5.50583	
41	0.0	124	27.7458	127	28.4611	
18	0.0	126	15.2747	127	15.6153	
8	0.0	396	1.16639	362	3.99583	
174	0.0	414	0.561944	321	35.5639	
327	0.0	314	12.6967	312	12.7722	
24	0.0	361	20.4656	360	20.4847	
253	0.0	53	3.75667	141	7.99111	
112	0.0	203	11.9411	124	12.2386	
45	0.0	205	0.36	311	3.15972	
21	0.0	353	13.6647	472	14.7672	
24	0.0	358	1.7575	153	26.8319	
30	0.0	361	12.075	360	12.0942	
271	0.0	392	5.41556	270	25.9147	
25	0.0	403	6.99167	318	12.2983	
372	0.0	322	2.17306	401	9.46417	
109	0.0	65	19.0911	139	36.4342	
71	0.0	219	11.0556	248	42.9303	
292	17.2236	293	19.0528	288	29.2139	
46	0.0	208	2.44083	42	10.5222	
46	0.0	208	1.07861	42	9.16	
25	0.0	155	11.545	468	23.4836	
21	0.0	155	9.88417	127	14.3489	
193	0.0	155	0.280833	127	4.74556	
172	0.0	155	12.9917	127	17.4564	
5	0.0	155	4.10639	127	8.57111	
330	0.0	318	9.26583	423	20.4161	
30	0.0	401	14.9992	226	37.1881	
41	0.0	53	13.9417	127	14.5644	
62	0.0	57	1.50194	241	1.54139	
41	0.0	203	3.31333	124	14.7231	
3	0.0	312	14.8764	487	15.8658	
93	0.0	42	7.62111	132	20.9336	
18	0.0	340	14.0431	423	22.3036	
13	0.0	340	11.4592	423	19.7197	
145	0.0	155	15.9972	127	19.7881	
173	0.0	155	17.915	127	40.0256	
169	0.0	155	17.1283	127	39.2389	
327	0.0	196	2.81778	412	6.48694	
118	0.0	48	14.1653	132	31.1108	
41	0.0	216	7.87806	127	38.3167	
52	0.0	42	3.07389	132	16.5069	
349	0.0	413	1.7825	224	22.5908	
149	0.0	413	2.91139	155	11.2914	
162	0.0	353	7.93889	395	27.1703	
89	0.0	396	2.25361	153	13.025	
69	0.0	42	4.16028	48	9.15278	
93	0.0	42	4.11333	132	17.4267	
109	0.0	42	7.64917	131	17.2031	
15	0.0	42	8.71639	0	43.9167	
177	0.0	412	14.005	319	14.5111	
329	0.0	324	9.06583	412	13.7819	
55	0.0	361	30.575	360	30.6472	
117	0.0	228	24.7639	219	44.1878	
113	0.0	382	32.2239	42	40.2556	
172	0.0	127	4.96028	224	6.04556	
280	0.0	396	0.393333	436	44.6464	
23	0.0	361	22.5011	360	22.5203	
351	0.0	361	11.7394	360	11.7586	
351	0.0	361	9.63972	360	9.65889	
89	0.0	362	10.1714	435	10.3811	
45	0.0	205	1.79139	338	4.32056	
184	0.0	468	1.90222	436	44.3239	
119	0.0	468	6.52861	436	48.9503	
116	0.0	41	15.4425	124	17.6064	
21	0.0	396	16.6639	357	16.7497	
23	0.0	396	0.0308333	464	10.1156	
327	0.0	392	3.36222	423	13.6653	
5	0.0	465	4.58306	339	8.42889	
13	0.0	472	0.599722	315	8.29806	
16	0.0	238	41.6003	133	45.5261	
92	0.0	135	1.75861	42	36.0758	
91	0.0	229	13.4747	245	35.7064	
271	0.0	311	2.18722	379	14.2775	
253	0.0	53	7.50833	127	8.61444	
59	0.0	203	3.14556	124	4.24778	
59	0.0	203	38.8517	124	39.875	
200	0.0	203	3.77083	124	4.21111	
211	0.0	45	28.3914	205	28.8944	
41	0.0	203	1.68889	124	3.27194	
93	0.0	132	14.7606	42	46.5808	
255	0.0	45	4.915	205	5.48556	
259	0.0	223	10.5078	195	29.0089	
166	0.0	53	4.92778	150	9.62306	
41	0.0	125	14.8592	124	19.8836	
284	0.0	196	7.5975	355	15.7556	
156	0.0	201	8.35611	337	28.475	
119	0.0	470	3.85278	320	32.1097	
47	0.0	213	26.0539	127	30.1292	
308	0.0	487	12.67	423	13.2053	
331	0.0	315	3.98	405	8.01833	
82	0.0	302	10.1831	385	13.1908	
271	0.0	315	11.8503	426	30.0439	
201	0.0	198	3.99833	217	19.7047	
89	0.0	361	6.33111	435	8.34972	
162	0.0	403	3.23722	320	24.2047	
92	0.0	374	14.1094	195	24.6794	
89	0.0	360	43.6067	361	45.2914	
149	0.0	413	2.595	215	28.53	
119	0.0	357	4.69167	361	25.23	
407	0.0	418	33.2844	139	33.7606	
166	0.0	385	1.50417	150	22.3669	
295	0.0	286	18.5822	292	33.7064	
41	0.0	208	12.7103	217	22.235	
53	0.0	127	6.17056	141	12.3922	
236	0.0	41	23.1961	125	26.9278	
45	0.0	205	0.195556	125	3.64556	
243	0.0	41	34.4269	125	35.2803	
25	0.0	412	7.37889	150	7.64333	
41	0.0	125	11.3114	124	16.3358	
41	0.0	125	8.3025	124	13.3269	
41	0.0	125	14.1097	124	19.1342	
41	0.0	125	12.4036	124	17.4281	
41	0.0	125	10.5694	124	15.5939	
41	0.0	125	14.8472	124	19.8717	
41	0.0	125	14.1097	124	19.1342	
41	0.0	125	14.1008	124	19.1253	
41	0.0	125	13.2053	124	18.2297	
41	0.0	125	6.32139	124	11.3458	
45	0.0	125	0.875833	205	3.21833	
166	0.0	385	6.83	150	19.6225	
117	0.0	69	14.5897	42	21.7294	
21	0.0	150	18.5158	353	27.07	
295	0.0	289	8.66917	290	39.3028	
92	0.0	126	10.7267	127	12.0497	
27	0.0	382	18.4611	42	25.9828	
295	0.0	289	1.98306	290	32.6167	
288	0.0	290	31.0756	445	49.9525	
268	0.0	458	19.475	457	27.2189	
21	0.0	155	10.2294	152	44.6161	
47	0.0	206	26.1208	130	45.8897	
21	0.0	353	3.15083	150	3.21028	
333	0.0	318	0.0319444	412	5.965	
119	0.0	412	0.521667	475	1.6025	
108	0.0	385	0.0758333	446	2.50028	
294	0.0	290	26.7503	445	45.6272	
13	0.0	390	0.396667	396	11.3117	
25	0.0	150	4.60306	449	11.275	
89	0.0	401	0.21	386	26.3244	
26	0.0	45	13.3756	205	19.5269	
71	0.0	126	1.24722	225	2.19389	
97	0.0	322	10.7864	397	40.4189	
171	0.0	437	2.76944	403	9.85111	
73	0.0	405	10.1403	312	13.1853	
23	0.0	361	24.7161	360	24.8728	
108	0.0	312	2.00167	425	3.59222	
295	0.0	289	22.2578	290	44.8225	
25	0.0	361	1.77417	360	1.93083	
89	0.0	155	5.7275	386	26.3222	
89	0.0	362	5.4225	396	48.8469	
45	0.0	338	6.16472	205	6.87389	
82	0.0	214	1.68333	298	33.9472	
45	0.0	205	0.711111	125	3.29472	
184	0.0	463	5.5475	312	5.68361	
23	0.0	361	16.9969	471	49.4017	
23	0.0	128	0.265	357	22.4908	
162	0.0	320	4.86694	434	17.3106	
190	0.0	152	12.4894	357	21.9175	
112	0.0	41	16.5844	124	16.6783	
407	0.0	152	23.8447	418	29.1303	
293	0.0	290	12.0167	445	30.8936	
469	0.0	290	25.6303	445	44.5072	
289	0.0	290	22.5647	445	41.4417	
289	0.0	290	22.5647	445	41.4417	
295	0.0	286	18.4889	290	22.6475	
66	0.0	150	15.8561	48	44.6733	
177	0.0	396	2.90083	485	14.1992	
177	0.0	357	1.39583	196	18.9453	
55	0.0	357	9.59444	471	28.9961	
329	0.0	361	12.7164	360	20.4467	
178	0.0	312	15.5983	487	30.5358	
30	0.0	370	12.7744	401	23.8619	
92	0.0	228	35.9817	57	41.1847	
184	0.0	396	12.7014	303	16.76	
108	0.0	337	0.765556	
47	0.0	141	3.525	
127	0.0	150	15.0875	
272	0.0	304	2.24278	
25	0.0	19	2.78222	
254	0.0	204	21.8367	
74	0.0	241	2.61361	
7	0.0	353	9.74167	
6	0.0	336	3.295	
181	0.0	358	2.79306	
21	0.0	358	3.27028	
7	0.0	358	2.25667	
490	0.0	269	45.0206	
89	0.0	317	15.9561	
5	0.0	439	1.79833	
110	0.0	194	25.1425	
123	0.0	53	2.77139	
3	0.0	399	7.44333	
151	0.0	150	23.7283	
58	0.0	20	36.7978	
15	0.0	42	32.7814	
67	0.0	42	41.2631	
295	0.0	212	1.67167	
159	0.0	209	6.85667	
142	0.0	209	0.183889	
111	0.0	44	6.38444	
18	0.0	370	3.59111	
380	0.0	384	1.32694	
164	0.0	443	3.34111	
187	0.0	228	7.72056	
69	0.0	486	4.05	
35	0.0	304	6.81556	
35	0.0	312	7.30194	
