0,1
0,2
2,1
3,0
3,1
3,2
3,19
3,20
3,41
3,42
3,43
3,48
3,54
3,61
3,65
3,123
3,124
3,125
3,127
3,128
3,130
3,131
3,133
3,135
3,140
3,143
3,150
3,151
3,153
3,155
3,195
3,196
3,202
3,214
3,216
3,218
3,219
3,223
3,226
3,229
3,233
3,242
3,245
3,261
3,270
3,275
3,285
3,286
3,288
3,291
3,292
3,293
3,296
3,298
3,302
3,303
3,312
3,314
3,315
3,316
3,317
3,320
3,321
3,322
3,328
3,336
3,337
3,339
3,340
3,341
3,342
3,347
3,353
3,355
3,363
3,364
3,366
3,368
3,373
3,374
3,378
3,382
3,386
3,389
3,399
3,402
3,403
3,405
3,410
3,412
3,430
3,439
3,440
3,443
3,450
3,463
3,465
3,479
3,482
3,483
3,484
3,486
3,487
4,0
4,143
4,199
4,219
4,224
4,230
4,239
4,302
4,312
4,316
4,339
4,386
4,410
4,422
4,432
4,450
5,0
5,1
5,2
5,19
5,20
5,41
5,42
5,44
5,45
5,48
5,53
5,54
5,59
5,65
5,123
5,124
5,125
5,126
5,127
5,128
5,130
5,131
5,132
5,133
5,135
5,137
5,138
5,139
5,141
5,150
5,151
5,152
5,153
5,155
5,156
5,195
5,196
5,198
5,202
5,205
5,207
5,208
5,214
5,221
5,223
5,224
5,226
5,229
5,231
5,233
5,238
5,245
5,247
5,248
5,257
5,270
5,275
5,286
5,288
5,296
5,297
5,302
5,303
5,304
5,311
5,312
5,313
5,315
5,316
5,317
5,318
5,320
5,321
5,326
5,336
5,337
5,339
5,342
5,347
5,353
5,354
5,357
5,363
5,366
5,368
5,373
5,378
5,381
5,382
5,385
5,386
5,389
5,391
5,392
5,396
5,401
5,402
5,405
5,407
5,410
5,412
5,413
5,421
5,422
5,423
5,424
5,426
5,427
5,434
5,438
5,439
5,443
5,449
5,450
5,451
5,452
5,462
5,463
5,465
5,467
5,470
5,475
5,479
5,482
5,483
5,485
5,486
5,487
6,0
6,2
6,19
6,20
6,42
6,54
6,131
6,135
6,155
6,214
6,223
6,229
6,235
6,298
6,302
6,304
6,315
6,316
6,322
6,328
6,336
6,359
6,364
6,368
6,391
6,399
6,401
6,402
6,422
6,439
6,450
6,462
6,463
6,482
6,483
6,486
6,487
7,0
7,2
7,20
7,25
7,42
7,126
7,127
7,128
7,131
7,135
7,138
7,143
7,150
7,151
7,152
7,155
7,156
7,196
7,201
7,202
7,209
7,216
7,223
7,224
7,257
7,275
7,302
7,304
7,311
7,312
7,314
7,315
7,316
7,317
7,320
7,321
7,322
7,323
7,325
7,326
7,336
7,339
7,340
7,353
7,355
7,357
7,358
7,359
7,361
7,362
7,374
7,377
7,386
7,389
7,391
7,392
7,396
7,399
7,403
7,404
7,412
7,424
7,427
7,431
7,435
7,436
7,438
7,439
7,443
7,450
7,451
7,452
7,472
7,475
7,476
7,484
7,487
8,0
8,1
8,2
8,20
8,54
8,125
8,126
8,137
8,150
8,156
8,196
8,225
8,231
8,275
8,302
8,303
8,304
8,312
8,320
8,336
8,339
8,340
8,356
8,359
8,361
8,362
8,374
8,377
8,378
8,390
8,396
8,403
8,426
8,431
8,436
8,437
8,464
8,482
8,484
9,0
9,45
9,131
9,140
9,150
9,205
9,222
9,275
9,336
9,338
9,383
9,410
10,0
10,2
10,126
10,196
10,202
10,312
10,316
10,320
10,356
10,368
10,386
10,397
10,465
10,475
10,482
11,0
11,1
11,2
11,19
11,20
11,42
11,257
11,261
11,302
11,316
11,322
11,368
11,396
11,397
11,401
11,405
11,450
12,0
12,42
12,127
12,131
12,139
12,150
12,151
12,153
12,155
12,207
12,215
12,231
12,319
12,323
12,422
12,436
12,455
12,475
13,0
13,1
13,19
13,20
13,45
13,49
13,54
13,57
13,65
13,69
13,126
13,127
13,128
13,130
13,131
13,135
13,138
13,150
13,151
13,152
13,155
13,156
13,196
13,198
13,201
13,202
13,205
13,206
13,210
13,211
13,214
13,216
13,218
13,219
13,220
13,221
13,223
13,225
13,226
13,227
13,228
13,230
13,231
13,237
13,240
13,241
13,242
13,275
13,285
13,304
13,311
13,312
13,314
13,315
13,317
13,318
13,320
13,321
13,322
13,323
13,325
13,336
13,337
13,338
13,339
13,340
13,341
13,353
13,354
13,355
13,356
13,357
13,358
13,359
13,363
13,370
13,374
13,378
13,379
13,386
13,389
13,390
13,391
13,392
13,396
13,397
13,399
13,401
13,402
13,403
13,404
13,412
13,419
13,420
13,422
13,423
13,424
13,425
13,426
13,431
13,436
13,437
13,438
13,443
13,445
13,449
13,451
13,455
13,463
13,468
13,469
13,472
13,483
13,484
13,487
14,0
14,42
14,57
14,65
14,127
14,128
14,130
14,140
14,142
14,150
14,151
14,155
14,216
14,374
14,378
14,382
14,389
14,410
14,443
14,455
15,0
15,42
15,46
15,52
15,63
15,132
15,208
15,223
15,415
15,486
16,0
16,2
16,41
16,42
16,48
16,53
16,57
16,124
16,125
16,127
16,130
16,133
16,135
16,138
16,141
16,143
16,150
16,151
16,196
16,200
16,202
16,203
16,225
16,228
16,229
16,231
16,238
16,240
16,241
16,242
16,261
16,269
16,275
16,302
16,312
16,313
16,314
16,315
16,316
16,317
16,319
16,320
16,323
16,326
16,336
16,339
16,356
16,357
16,358
16,362
16,373
16,377
16,379
16,402
16,403
16,404
16,405
16,412
16,423
16,425
16,427
16,437
16,451
16,455
16,465
16,472
16,486
16,487
17,0
17,41
17,45
17,47
17,69
17,124
17,125
17,126
17,127
17,130
17,200
17,201
17,205
17,207
17,217
17,219
17,222
17,227
17,229
17,241
17,337
17,366
18,0
18,2
18,20
18,41
18,42
18,49
18,54
18,123
18,124
18,126
18,127
18,128
18,130
18,131
18,143
18,150
18,151
18,153
18,155
18,156
18,194
18,196
18,221
18,226
18,228
18,238
18,240
18,241
18,242
18,275
18,297
18,302
18,311
18,315
18,317
18,319
18,321
18,340
18,341
18,342
18,353
18,354
18,355
18,356
18,357
18,358
18,359
18,362
18,368
18,370
18,373
18,374
18,378
18,379
18,382
18,386
18,396
18,423
18,424
18,430
18,436
18,450
18,451
18,452
18,455
18,463
18,467
18,472
18,489
19,20
20,368
21,1
21,3
21,19
21,20
21,22
21,23
21,41
21,42
21,57
21,59
21,60
21,123
21,124
21,125
21,127
21,131
21,135
21,137
21,138
21,143
21,144
21,150
21,151
21,152
21,153
21,155
21,157
21,196
21,209
21,214
21,215
21,221
21,223
21,226
21,235
21,236
21,238
21,239
21,241
21,242
21,260
21,275
21,302
21,303
21,311
21,312
21,314
21,315
21,317
21,318
21,320
21,321
21,323
21,327
21,336
21,337
21,339
21,347
21,353
21,357
21,358
21,359
21,360
21,361
21,374
21,377
21,378
21,379
21,381
21,382
21,385
21,395
21,396
21,397
21,403
21,405
21,406
21,413
21,420
21,422
21,427
21,435
21,439
21,442
21,449
21,450
21,451
21,455
21,463
21,467
21,470
21,472
21,475
21,484
21,485
22,19
22,20
22,316
22,321
22,328
22,382
22,431
22,450
23,19
23,20
23,41
23,42
23,45
23,54
23,127
23,128
23,130
23,137
23,143
23,150
23,151
23,153
23,155
23,196
23,198
23,205
23,209
23,214
23,215
23,218
23,229
23,233
23,249
23,275
23,303
23,311
23,312
23,314
23,316
23,317
23,319
23,320
23,322
23,323
23,324
23,336
23,337
23,339
23,353
23,354
23,355
23,356
23,357
23,359
23,360
23,361
23,362
23,368
23,373
23,377
23,378
23,382
23,392
23,395
23,396
23,397
23,399
23,403
23,404
23,423
23,426
23,427
23,431
23,435
23,436
23,437
23,440
23,443
23,444
23,450
23,451
23,453
23,455
23,463
23,464
23,467
23,468
23,471
23,472
23,476
23,478
23,479
23,483
23,484
23,487
24,2
24,19
24,57
24,70
24,131
24,133
24,136
24,151
24,153
24,155
24,157
24,196
24,242
24,302
24,303
24,311
24,312
24,314
24,315
24,339
24,353
24,354
24,356
24,357
24,358
24,360
24,361
24,377
24,396
24,397
24,399
24,402
24,403
24,404
24,422
24,436
24,471
24,472
24,475
25,19
25,20
25,42
25,47
25,57
25,65
25,72
25,126
25,127
25,130
25,131
25,134
25,136
25,139
25,141
25,150
25,151
25,153
25,155
25,156
25,196
25,207
25,209
25,214
25,218
25,224
25,226
25,233
25,241
25,242
25,258
25,303
25,311
25,312
25,313
25,314
25,315
25,317
25,318
25,320
25,322
25,324
25,340
25,347
25,354
25,355
25,357
25,358
25,359
25,360
25,361
25,363
25,373
25,377
25,378
25,379
25,382
25,386
25,389
25,395
25,396
25,402
25,403
25,405
25,412
25,420
25,424
25,430
25,431
25,436
25,442
25,447
25,449
25,450
25,451
25,452
25,453
25,463
25,467
25,468
25,470
25,475
25,476
25,477
25,483
25,484
25,488
26,19
26,41
26,42
26,45
26,47
26,48
26,53
26,57
26,63
26,124
26,125
26,126
26,127
26,130
26,131
26,135
26,136
26,137
26,141
26,151
26,153
26,194
26,195
26,196
26,197
26,198
26,200
26,201
26,202
26,203
26,204
26,205
26,207
26,208
26,210
26,216
26,217
26,219
26,220
26,221
26,223
26,225
26,228
26,229
26,230
26,234
26,235
26,237
26,238
26,240
26,241
26,245
26,247
26,248
26,288
26,311
26,337
26,342
26,385
26,390
26,469
26,481
27,19
27,20
27,42
27,126
27,135
27,216
27,322
27,362
27,366
27,370
27,382
27,410
27,435
27,450
27,477
27,483
28,19
28,127
28,151
28,153
28,155
28,196
28,218
28,296
28,302
28,312
28,317
28,321
28,353
28,357
28,382
28,405
28,414
28,419
28,420
28,449
28,480
29,19
29,20
29,123
29,127
29,135
29,151
29,153
29,275
29,303
29,339
29,382
29,389
29,402
29,443
29,470
30,1
30,19
30,20
30,42
30,135
30,218
30,224
30,226
30,311
30,312
30,317
30,321
30,322
30,357
30,359
30,360
30,361
30,362
30,368
30,370
30,386
30,396
30,397
30,399
30,401
30,430
30,435
30,450
30,453
30,455
30,467
30,476
31,19
31,20
31,42
31,53
31,127
31,131
31,133
31,135
31,139
31,151
31,155
31,218
31,223
31,226
31,229
31,233
31,236
31,238
31,239
31,245
31,257
31,302
31,303
31,317
31,320
31,322
31,356
31,363
31,368
31,381
31,389
31,396
31,413
31,418
31,422
31,431
31,449
31,463
31,475
31,479
32,19
32,20
32,131
32,311
32,322
32,323
32,357
32,368
32,397
32,401
32,467
32,482
32,483
33,19
33,139
33,230
33,242
33,312
33,319
33,323
33,336
33,357
33,374
33,402
33,403
33,470
33,472
33,483
34,19
34,20
34,155
34,196
34,322
34,336
34,362
34,377
34,382
34,396
34,403
34,430
34,451
34,455
34,472
35,19
35,42
35,127
35,150
35,151
35,153
35,155
35,156
35,275
35,297
35,302
35,304
35,311
35,312
35,314
35,315
35,320
35,321
35,322
35,339
35,379
35,382
35,392
35,396
35,403
35,412
35,414
35,427
35,434
35,435
35,443
35,463
35,475
35,484
35,487
36,19
36,20
36,42
36,199
36,260
36,270
36,296
36,297
36,368
36,397
36,399
36,434
37,2
37,19
37,20
37,41
37,42
37,54
37,61
37,65
37,130
37,135
37,150
37,151
37,152
37,155
37,196
37,215
37,216
37,218
37,219
37,223
37,224
37,226
37,230
37,233
37,238
37,241
37,257
37,270
37,275
37,292
37,296
37,302
37,304
37,312
37,313
37,314
37,315
37,316
37,317
37,318
37,319
37,320
37,322
37,326
37,337
37,339
37,341
37,347
37,353
37,357
37,358
37,363
37,364
37,382
37,386
37,389
37,391
37,396
37,397
37,401
37,402
37,403
37,404
37,405
37,420
37,422
37,423
37,425
37,434
37,439
37,449
37,450
37,451
37,467
37,471
37,472
37,475
37,477
37,482
37,483
37,485
37,486
37,487
38,19
38,125
38,126
38,127
38,131
38,135
38,150
38,151
38,241
38,275
38,285
38,312
38,321
38,322
38,336
38,339
38,358
38,370
38,378
38,386
38,405
38,420
38,423
38,438
38,450
38,451
39,19
39,150
39,304
39,319
39,347
39,368
39,397
39,402
39,450
39,452
39,474
39,482
39,483
40,19
40,127
40,136
40,143
40,150
40,151
40,155
40,199
40,214
40,215
40,415
40,443
40,463
40,467
41,42
41,43
41,44
41,45
41,48
41,50
41,53
41,57
41,59
41,61
41,124
41,125
41,126
41,127
41,130
41,131
41,132
41,134
41,136
41,137
41,139
41,143
41,150
41,153
41,156
41,194
41,195
41,196
41,197
41,198
41,199
41,200
41,201
41,202
41,203
41,204
41,205
41,206
41,207
41,208
41,209
41,210
41,211
41,212
41,213
41,214
41,215
41,216
41,217
41,218
41,219
41,220
41,221
41,222
41,223
41,224
41,225
41,226
41,227
41,228
41,229
41,230
41,231
41,232
41,233
41,234
41,235
41,236
41,237
41,238
41,239
41,240
41,241
41,242
41,243
41,244
41,245
41,246
41,247
41,248
43,42
43,208
44,41
44,42
44,48
44,124
44,125
44,130
44,131
44,195
44,241
44,247
45,41
45,42
45,43
45,47
45,48
45,49
45,50
45,124
45,125
45,126
45,127
45,130
45,195
45,203
45,205
45,208
45,209
45,211
45,212
45,213
45,214
45,216
45,217
45,218
45,219
45,220
45,221
45,222
45,223
45,262
45,311
45,338
45,340
45,380
45,381
45,382
45,383
45,384
46,42
46,48
46,132
46,136
46,208
46,366
47,41
47,42
47,49
47,124
47,125
47,127
47,129
47,130
47,131
47,136
47,141
47,194
47,195
47,196
47,197
47,206
47,207
47,209
47,210
47,213
47,215
47,220
47,225
47,227
47,238
47,240
47,258
47,337
47,375
47,381
47,410
47,411
48,42
48,43
48,46
48,52
48,132
48,136
48,208
48,366
48,415
49,42
49,47
49,127
49,132
49,141
49,197
49,220
49,258
50,42
50,208
50,212
51,1
51,2
51,41
51,42
51,57
51,123
51,124
51,125
51,127
51,130
51,131
51,133
51,134
51,135
51,138
51,141
51,153
51,195
51,225
51,226
51,228
51,239
51,241
51,386
51,389
51,390
52,42
52,132
52,382
52,415
53,41
53,42
53,61
53,123
53,124
53,125
53,127
53,131
53,136
53,141
53,150
53,194
53,195
53,199
53,202
53,203
53,208
53,209
53,210
53,218
53,219
53,222
53,228
53,229
53,236
53,240
53,245
53,248
53,249
53,341
53,382
53,385
53,467
54,41
54,42
54,59
54,123
54,124
54,125
54,127
54,131
54,134
54,150
54,194
54,203
54,214
54,224
54,225
54,236
54,251
54,339
54,470
55,42
55,128
55,152
55,155
55,314
55,317
55,318
55,353
55,357
55,359
55,360
55,361
55,396
55,426
55,427
55,430
55,471
56,20
56,42
56,125
56,126
56,130
56,131
56,132
56,199
56,208
56,209
56,212
56,213
56,233
56,340
56,380
56,384
56,469
57,41
57,42
57,43
57,44
57,50
57,63
57,131
57,136
57,195
57,201
57,202
57,208
57,212
57,220
57,225
57,228
57,229
57,230
57,240
57,241
57,247
57,248
57,339
58,20
58,42
58,137
58,152
58,195
58,226
58,233
58,236
58,315
58,413
58,418
58,482
59,41
59,42
59,124
59,125
59,139
59,155
59,195
59,203
59,226
59,229
59,238
59,243
59,411
60,1
60,42
60,45
60,127
60,150
60,151
60,153
60,195
60,198
60,205
60,216
60,231
60,234
60,242
60,303
60,304
60,311
60,312
60,314
60,317
60,318
60,320
60,323
60,324
60,346
60,355
60,357
60,359
60,370
60,378
60,390
60,395
60,396
60,399
60,403
60,404
60,421
60,424
60,425
60,426
60,427
60,436
60,438
60,450
60,463
60,468
60,484
60,485
61,42
61,47
61,126
61,127
61,133
61,247
61,258
61,382
61,385
61,439
61,467
62,41
62,42
62,43
62,44
62,47
62,57
62,63
62,124
62,127
62,136
62,195
62,198
62,200
62,201
62,203
62,204
62,210
62,214
62,217
62,219
62,221
62,222
62,228
62,229
62,235
62,237
62,240
62,241
62,243
62,244
62,337
63,42
63,132
63,208
63,212
64,41
64,42
64,53
64,65
64,123
64,124
64,127
64,130
64,131
64,135
64,195
64,199
64,201
64,202
64,214
64,217
64,223
64,226
64,228
64,229
64,230
64,239
64,241
64,245
64,260
64,315
64,337
64,382
64,389
64,467
65,42
65,133
65,134
65,150
65,151
65,155
65,213
65,238
65,381
65,440
66,42
66,48
66,65
66,123
66,127
66,138
66,143
66,150
66,151
66,152
66,153
66,155
66,195
66,196
66,214
66,224
66,225
66,226
66,233
66,275
66,302
66,303
66,304
66,311
66,312
66,317
66,320
66,336
66,341
66,353
66,354
66,357
66,359
66,360
66,361
66,362
66,363
66,370
66,377
66,378
66,379
66,382
66,386
66,395
66,396
66,403
66,404
66,413
66,414
66,421
66,422
66,423
66,431
66,435
66,437
66,438
66,451
66,455
66,463
66,475
66,477
66,483
66,486
67,42
67,65
67,137
67,150
67,204
67,218
67,242
67,382
67,410
68,42
68,69
68,127
68,128
68,135
68,140
68,141
68,143
68,150
68,151
68,155
68,196
68,214
68,223
68,291
68,310
68,317
68,320
68,357
68,360
68,361
68,364
68,382
68,403
68,436
68,455
68,463
68,467
69,42
69,46
69,48
69,132
69,136
69,208
69,366
69,382
69,415
69,481
69,486
70,42
70,127
70,128
70,151
70,153
70,155
70,218
70,319
70,323
70,324
70,357
70,359
70,360
70,361
70,377
70,396
70,399
70,403
70,431
70,450
70,477
70,482
71,41
71,42
71,45
71,47
71,48
71,49
71,57
71,63
71,124
71,125
71,126
71,127
71,131
71,134
71,135
71,153
71,198
71,199
71,201
71,202
71,205
71,214
71,216
71,217
71,219
71,220
71,221
71,225
71,227
71,228
71,230
71,232
71,238
71,240
71,241
71,242
71,247
71,248
71,298
71,319
71,337
71,339
71,340
71,374
71,382
71,414
71,435
71,481
72,25
72,42
72,150
72,218
72,241
72,261
72,302
72,315
72,337
72,395
72,396
72,440
72,465
72,467
72,468
72,482
73,20
73,42
73,196
73,207
73,238
73,270
73,297
73,312
73,314
73,315
73,318
73,325
73,339
73,340
73,354
73,356
73,382
73,392
73,403
73,405
73,412
73,421
73,422
73,425
73,426
73,429
73,430
73,432
73,449
73,465
73,485
74,41
74,42
74,45
74,53
74,65
74,123
74,124
74,126
74,128
74,131
74,133
74,140
74,150
74,155
74,205
74,226
74,238
74,241
74,243
74,257
74,260
74,275
74,325
74,374
74,389
75,2
75,20
75,42
75,45
75,54
75,59
75,65
75,125
75,127
75,131
75,150
75,153
75,155
75,196
75,207
75,216
75,221
75,234
75,275
75,296
75,297
75,302
75,311
75,315
75,316
75,317
75,320
75,321
75,322
75,323
75,326
75,336
75,339
75,342
75,353
75,357
75,362
75,368
75,374
75,382
75,391
75,395
75,396
75,397
75,402
75,403
75,405
75,421
75,422
75,439
75,443
75,450
75,451
75,465
75,468
75,472
75,477
75,482
75,487
76,42
76,126
76,138
76,150
76,275
76,312
76,323
76,337
76,359
76,374
76,399
76,438
77,42
77,127
77,151
77,231
77,261
77,298
77,302
77,316
77,382
77,397
77,402
77,450
77,467
77,482
78,26
78,41
78,42
78,43
78,44
78,47
78,49
78,63
78,71
78,124
78,125
78,126
78,127
78,131
78,133
78,140
78,150
78,195
78,198
78,201
78,202
78,210
78,216
78,217
78,220
78,221
78,223
78,225
78,227
78,228
78,230
78,240
78,241
78,242
78,247
78,248
78,258
78,262
78,270
78,302
78,313
78,339
78,382
78,389
78,410
79,41
79,42
79,44
79,48
79,124
79,136
79,138
79,195
79,198
79,206
79,219
79,220
79,221
79,223
79,228
79,230
79,248
79,259
79,337
79,382
80,42
80,65
80,131
80,133
80,218
80,226
80,311
80,313
80,323
80,339
80,374
80,389
80,396
80,432
80,435
80,437
80,443
80,486
81,41
81,42
81,48
81,54
81,65
81,124
81,125
81,126
81,127
81,131
81,132
81,133
81,136
81,194
81,195
81,207
81,226
81,238
81,344
81,381
81,440
81,443
82,20
82,42
82,123
82,125
82,126
82,127
82,130
82,135
82,136
82,137
82,143
82,150
82,151
82,152
82,155
82,196
82,202
82,214
82,215
82,224
82,226
82,233
82,236
82,241
82,242
82,270
82,275
82,298
82,302
82,303
82,311
82,312
82,313
82,314
82,315
82,317
82,318
82,319
82,320
82,321
82,339
82,353
82,357
82,361
82,363
82,382
82,385
82,388
82,392
82,396
82,402
82,404
82,412
82,413
82,414
82,419
82,420
82,423
82,424
82,427
82,436
82,439
82,442
82,449
82,451
82,463
82,467
82,475
83,2
83,42
83,46
83,61
83,63
83,69
83,123
83,130
83,135
83,150
83,155
83,198
83,202
83,217
83,226
83,233
83,239
83,240
83,242
83,247
83,275
83,311
83,312
83,316
83,318
83,322
83,337
83,339
83,357
83,358
83,368
83,382
83,399
83,413
83,422
83,430
83,450
83,463
83,465
83,467
83,471
83,472
83,482
83,486
84,42
84,44
84,45
84,47
84,48
84,49
84,61
84,63
84,127
84,131
84,195
84,197
84,205
84,219
84,220
84,221
84,223
84,228
84,239
84,247
84,248
84,259
84,338
84,348
84,380
84,384
85,20
85,42
85,218
85,221
85,261
85,298
85,302
85,304
85,368
85,370
85,432
86,1
86,42
86,126
86,127
86,130
86,151
86,214
86,218
86,224
86,225
86,239
86,261
86,275
86,302
86,311
86,315
86,316
86,320
86,357
86,368
86,379
86,397
86,402
86,435
86,451
86,452
86,463
86,465
86,472
86,476
86,477
86,482
86,484
87,41
87,42
87,43
87,47
87,52
87,124
87,125
87,132
87,205
87,217
87,220
87,223
87,238
87,260
87,340
87,342
87,366
87,380
87,381
87,383
87,384
88,1
88,2
88,41
88,42
88,44
88,63
88,125
88,126
88,130
88,150
88,195
88,198
88,200
88,204
88,210
88,217
88,221
88,231
88,235
88,237
88,241
88,275
88,302
88,311
88,312
88,337
88,340
88,357
88,396
88,421
88,436
88,449
89,1
89,20
89,42
89,54
89,127
89,128
89,137
89,150
89,153
89,155
89,196
89,214
89,218
89,221
89,303
89,311
89,312
89,313
89,317
89,319
89,323
89,324
89,346
89,357
89,359
89,360
89,361
89,362
89,363
89,368
89,370
89,377
89,378
89,382
89,386
89,396
89,397
89,401
89,403
89,426
89,430
89,431
89,435
89,437
89,451
89,455
89,464
89,472
89,477
89,483
90,41
90,42
90,46
90,48
90,50
90,53
90,123
90,124
90,125
90,127
90,128
90,132
90,133
90,135
90,136
90,141
90,143
90,150
90,151
90,155
90,156
90,194
90,195
90,202
90,212
90,223
90,225
90,294
90,322
90,363
90,380
90,383
90,384
91,25
91,42
91,72
91,127
91,128
91,134
91,136
91,143
91,150
91,155
91,213
91,223
91,229
91,245
91,313
91,319
91,320
91,322
91,323
91,324
91,336
91,340
91,353
91,354
91,357
91,359
91,362
91,368
91,374
91,377
91,378
91,386
91,389
91,392
91,396
91,403
91,410
91,427
91,435
91,436
91,443
91,451
91,452
91,468
91,477
91,484
92,41
92,42
92,43
92,44
92,45
92,46
92,48
92,53
92,54
92,57
92,63
92,65
92,69
92,123
92,124
92,125
92,126
92,127
92,130
92,131
92,134
92,135
92,139
92,140
92,141
92,150
92,151
92,156
92,195
92,196
92,198
92,199
92,201
92,202
92,203
92,204
92,205
92,209
92,210
92,213
92,216
92,217
92,218
92,219
92,224
92,226
92,228
92,229
92,230
92,232
92,235
92,236
92,237
92,238
92,239
92,241
92,242
92,243
92,245
92,247
92,248
92,257
92,261
92,297
92,303
92,311
92,313
92,315
92,317
92,318
92,319
92,322
92,337
92,338
92,339
92,340
92,341
92,346
92,357
92,363
92,374
92,378
92,380
92,382
92,386
92,389
92,401
92,402
92,403
92,422
92,432
92,440
92,449
92,460
92,484
93,42
93,48
93,132
93,133
93,208
93,223
93,366
93,415
93,486
94,42
94,127
94,128
94,131
94,133
94,135
94,141
94,150
94,151
94,153
94,155
94,195
94,196
94,224
94,226
94,229
94,239
94,245
94,311
94,321
94,389
94,440
94,485
95,42
95,54
95,65
95,131
95,135
95,150
95,224
95,226
95,229
95,241
95,245
95,378
95,382
95,391
96,42
96,45
96,47
96,48
96,63
96,125
96,127
96,195
96,198
96,205
96,217
96,220
96,221
96,228
96,230
96,247
96,259
96,337
96,344
96,432
97,42
97,128
97,153
97,155
97,196
97,314
97,322
97,359
97,361
97,370
97,385
97,395
97,396
97,397
97,401
97,427
97,430
97,436
97,437
97,463
97,467
98,41
98,42
98,46
98,48
98,123
98,125
98,127
98,128
98,130
98,131
98,133
98,135
98,140
98,150
98,151
98,152
98,156
98,195
98,196
98,199
98,201
98,207
98,208
98,209
98,216
98,218
98,226
98,228
98,232
98,233
98,270
98,275
98,285
98,302
98,312
98,315
98,320
98,323
98,336
98,337
98,354
98,366
98,374
98,380
98,382
98,384
98,389
98,396
98,401
98,403
98,405
98,410
98,438
98,439
98,440
98,449
98,455
98,463
98,471
98,472
98,475
98,484
98,487
99,42
99,46
99,54
99,127
99,150
99,152
99,153
99,155
99,208
99,214
99,233
99,340
99,346
99,404
99,418
99,436
99,440
100,41
100,42
100,43
100,44
100,45
100,57
100,126
100,127
100,136
100,195
100,198
100,200
100,204
100,210
100,219
100,220
100,221
100,225
100,227
100,228
100,229
100,234
100,235
100,237
100,240
100,248
100,259
100,337
100,344
100,481
101,41
101,42
101,57
101,125
101,126
101,150
101,195
101,198
101,201
101,202
101,216
101,219
101,228
101,230
101,242
101,259
101,337
102,42
102,45
102,47
102,125
102,195
102,199
102,200
102,205
102,209
102,219
102,220
102,223
102,239
102,248
102,338
102,344
102,380
102,382
102,384
103,42
103,205
103,209
103,211
103,325
104,41
104,42
104,124
104,125
104,139
104,150
104,467
105,42
105,127
105,128
105,137
105,151
105,312
105,317
105,320
105,324
105,346
105,357
105,359
105,360
105,361
105,362
105,396
105,399
105,430
105,434
105,436
106,41
106,42
106,124
106,125
106,128
106,131
106,135
106,195
106,199
106,226
106,228
106,230
106,240
106,241
106,259
106,378
106,382
106,390
106,463
107,41
107,42
107,46
107,65
107,123
107,124
107,127
107,135
107,195
107,226
107,229
107,245
108,20
108,42
108,59
108,61
108,123
108,127
108,150
108,151
108,153
108,155
108,196
108,200
108,204
108,207
108,214
108,219
108,220
108,224
108,226
108,235
108,242
108,296
108,302
108,304
108,312
108,313
108,315
108,317
108,318
108,320
108,326
108,337
108,353
108,355
108,357
108,359
108,360
108,361
108,362
108,370
108,374
108,375
108,378
108,379
108,382
108,385
108,386
108,396
108,403
108,410
108,419
108,422
108,423
108,425
108,426
108,427
108,435
108,446
108,447
108,449
108,451
108,463
108,467
108,472
108,475
108,482
108,487
109,42
109,48
109,65
109,130
109,131
109,133
109,135
109,139
109,196
109,223
109,226
109,229
109,233
109,245
109,260
109,339
109,361
109,363
109,381
109,440
109,442
109,449
109,467
110,41
110,42
110,54
110,123
110,124
110,128
110,130
110,131
110,135
110,155
110,194
110,195
110,196
110,229
110,239
110,241
110,245
110,251
110,302
110,382
110,389
110,390
110,414
111,41
111,42
111,43
111,44
111,47
111,124
111,127
111,136
111,195
111,200
111,203
111,204
111,210
111,214
111,217
111,219
111,220
111,221
111,222
111,227
111,229
111,238
111,245
111,470
112,41
112,42
112,43
112,44
112,45
112,53
112,57
112,63
112,124
112,125
112,130
112,136
112,138
112,199
112,200
112,201
112,202
112,203
112,204
112,206
112,207
112,208
112,210
112,214
112,216
112,217
112,219
112,220
112,221
112,222
112,225
112,227
112,228
112,229
112,232
112,233
112,237
112,240
112,241
112,243
112,244
112,245
112,247
112,248
112,337
112,364
112,366
112,385
112,450
113,41
113,42
113,43
113,45
113,46
113,47
113,124
113,125
113,126
113,127
113,130
113,140
113,143
113,150
113,152
113,194
113,195
113,196
113,198
113,203
113,204
113,208
113,209
113,213
113,218
113,219
113,225
113,228
113,233
113,235
113,341
113,344
113,357
113,359
113,360
113,361
113,380
113,382
113,384
113,385
113,386
113,389
113,395
113,403
113,422
113,431
113,455
113,463
113,467
113,470
113,481
113,489
114,1
114,41
114,42
114,54
114,124
114,131
114,194
114,214
114,275
114,302
114,339
114,451
114,482
115,42
115,63
115,310
115,366
115,415
115,449
115,486
116,41
116,42
116,44
116,124
116,126
116,131
116,135
116,195
116,201
116,216
116,221
116,222
116,228
116,232
116,237
116,239
116,241
116,242
116,248
116,338
116,382
117,41
117,42
117,43
117,45
117,47
117,48
117,50
117,54
117,56
117,63
117,69
117,124
117,125
117,126
117,127
117,130
117,132
117,133
117,136
117,150
117,197
117,200
117,205
117,210
117,211
117,212
117,213
117,217
117,219
117,220
117,221
117,222
117,223
117,227
117,228
117,237
117,239
117,247
117,248
117,298
117,322
117,337
117,340
117,342
117,348
117,410
118,41
118,42
118,45
118,48
118,65
118,124
118,132
118,133
118,134
118,136
118,150
118,151
118,195
118,204
118,205
118,209
118,213
118,233
118,236
118,243
118,244
118,246
119,42
119,127
119,128
119,137
119,150
119,151
119,155
119,302
119,312
119,315
119,317
119,318
119,320
119,323
119,353
119,354
119,357
119,358
119,359
119,361
119,391
119,395
119,396
119,403
119,405
119,412
119,414
119,420
119,427
119,434
119,435
119,436
119,437
119,452
119,463
119,467
119,468
119,470
119,475
119,484
119,487
120,41
120,42
120,44
120,48
120,63
120,124
120,125
120,126
120,127
120,136
120,203
120,208
120,220
120,221
120,222
120,223
120,228
120,230
120,240
120,243
120,247
120,248
120,275
120,337
121,41
121,42
121,43
121,45
121,63
121,124
121,141
121,195
121,198
121,201
121,203
121,205
121,217
121,227
121,242
121,325
121,337
121,366
122,41
122,42
122,65
122,125
122,130
122,131
122,150
122,151
122,152
122,195
122,196
122,207
122,226
122,317
122,337
122,381
122,402
122,407
122,410
122,418
122,440
122,449
122,467
123,41
123,48
123,53
123,124
123,125
123,126
123,127
123,128
123,129
123,130
123,131
123,132
123,133
123,134
123,135
123,136
123,137
123,138
123,139
123,140
123,141
126,41
126,45
126,123
126,124
126,125
126,127
126,131
126,143
126,150
126,151
126,152
126,195
126,200
126,204
126,205
126,206
126,217
126,221
126,225
126,231
126,235
126,257
126,317
126,337
126,338
126,339
126,340
126,341
126,342
127,48
127,150
127,257
127,346
135,389
139,152
139,407
139,418
139,438
142,123
142,153
142,209
142,275
142,366
143,123
143,127
143,137
143,141
143,142
143,150
143,151
143,155
143,257
143,317
143,358
143,373
143,463
144,53
144,54
144,63
144,69
144,123
144,127
144,140
144,151
144,209
144,214
144,218
144,242
144,311
144,316
144,324
144,341
144,342
144,362
144,380
144,384
144,389
144,399
144,439
144,442
144,443
144,486
145,41
145,57
145,123
145,127
145,128
145,135
145,137
145,155
145,195
145,221
145,228
145,239
145,247
145,325
145,354
145,382
145,390
145,442
145,465
146,41
146,123
146,124
146,128
146,142
146,143
146,150
146,153
146,155
146,233
146,385
146,443
147,123
147,127
147,136
147,143
147,150
147,151
147,155
147,214
147,223
147,233
147,314
147,366
147,413
147,415
147,444
147,463
147,467
148,20
148,41
148,53
148,63
148,123
148,124
148,126
148,127
148,135
148,142
148,150
148,152
148,155
148,156
148,196
148,198
148,200
148,201
148,224
148,228
148,238
148,241
148,243
148,246
148,248
148,275
148,304
148,312
148,314
148,315
148,317
148,318
148,320
148,322
148,337
148,339
148,341
148,357
148,359
148,361
148,373
148,378
148,382
148,386
148,395
148,396
148,403
148,412
148,414
148,431
148,435
148,438
148,455
148,472
148,475
149,123
149,127
149,143
149,150
149,151
149,153
149,155
149,214
149,215
149,224
149,339
149,413
149,415
149,444
149,463
151,20
151,41
151,65
151,124
151,126
151,127
151,128
151,133
151,139
151,140
151,143
151,150
151,152
151,153
151,155
151,156
151,196
151,214
151,217
151,223
151,224
151,233
151,238
151,249
151,285
151,297
151,303
151,311
151,312
151,317
151,341
151,354
151,355
151,356
151,357
151,358
151,359
151,360
151,361
151,362
151,363
151,364
152,41
152,124
152,127
152,137
152,139
152,143
152,150
152,151
152,153
152,275
152,404
152,411
152,418
152,438
152,439
152,440
153,127
153,150
153,151
153,215
153,359
153,362
153,396
153,413
153,443
154,20
154,150
154,155
154,226
154,227
154,275
154,314
154,315
154,319
154,320
154,321
154,322
154,337
154,357
154,373
154,374
154,379
154,382
154,391
154,396
154,421
154,426
154,438
154,449
154,450
154,451
154,452
155,127
155,143
155,150
155,151
155,152
155,209
155,215
155,249
155,257
155,313
155,324
155,363
155,430
156,41
156,44
156,46
156,63
156,124
156,125
156,127
156,141
156,150
156,195
156,201
156,204
156,224
156,229
156,233
156,235
156,245
156,337
156,357
156,470
157,20
157,65
157,127
157,128
157,150
157,155
157,196
157,201
157,216
157,302
157,311
157,313
157,317
157,318
157,321
157,322
157,323
157,336
157,360
157,361
157,362
157,370
157,373
157,374
157,377
157,380
157,382
157,386
157,396
157,397
157,399
157,401
157,404
157,430
157,435
157,437
157,472
158,150
158,151
158,155
158,275
158,311
158,323
158,325
158,355
158,356
158,359
158,360
158,361
158,362
158,377
158,392
158,395
158,396
158,397
158,399
158,403
158,430
158,431
158,435
158,455
159,41
159,138
159,150
159,207
159,209
159,275
159,435
159,438
159,443
160,54
160,127
160,140
160,143
160,150
160,151
160,152
160,153
160,155
160,196
160,209
160,214
160,215
160,233
160,268
160,303
160,311
160,312
160,322
160,331
160,341
160,347
160,356
160,363
160,370
160,377
160,378
160,413
160,436
160,437
160,468
161,20
161,150
161,214
161,233
161,275
161,382
161,439
161,443
161,449
161,451
161,476
162,54
162,127
162,150
162,151
162,153
162,155
162,196
162,214
162,218
162,238
162,296
162,297
162,302
162,303
162,304
162,312
162,314
162,315
162,317
162,318
162,319
162,320
162,321
162,322
162,323
162,326
162,336
162,339
162,346
162,353
162,354
162,355
162,357
162,359
162,360
162,361
162,362
162,368
162,370
162,374
162,377
162,378
162,382
162,386
162,392
162,395
162,396
162,397
162,399
162,403
162,405
162,406
162,412
162,414
162,419
162,420
162,421
162,424
162,425
162,426
162,427
162,434
162,435
162,436
162,437
162,443
162,447
162,451
162,455
162,463
162,468
162,470
162,472
162,475
162,485
162,487
163,127
163,150
163,151
163,214
163,236
163,275
163,304
163,312
163,315
163,317
163,318
163,319
163,337
163,353
163,356
163,357
163,359
163,377
163,382
163,413
163,414
163,421
163,424
163,436
163,451
164,131
164,135
164,150
164,224
164,226
164,275
164,315
164,316
164,318
164,319
164,322
164,337
164,389
164,391
164,423
164,443
164,483
165,2
165,150
165,270
165,313
165,316
165,320
165,346
165,404
165,423
165,439
165,465
165,479
165,486
166,41
166,53
166,124
166,136
166,141
166,150
166,194
166,197
166,204
166,208
166,209
166,219
166,222
166,229
166,240
166,243
166,247
166,385
167,2
167,138
167,150
167,156
167,275
167,319
167,321
167,339
167,359
167,374
167,438
167,440
168,20
168,150
168,209
168,238
168,319
168,336
168,337
168,438
168,443
168,451
168,467
168,472
169,1
169,127
169,150
169,151
169,155
169,196
169,214
169,224
169,226
169,233
169,312
169,314
169,315
169,317
169,318
169,320
169,336
169,340
169,353
169,355
169,357
169,358
169,361
169,362
169,370
169,377
169,379
169,382
169,386
169,396
169,403
169,449
169,455
169,475
169,476
169,480
169,483
169,484
170,1
170,41
170,44
170,47
170,57
170,63
170,69
170,124
170,126
170,127
170,133
170,150
170,151
170,155
170,156
170,198
170,200
170,201
170,202
170,203
170,204
170,207
170,210
170,219
170,221
170,227
170,228
170,235
170,237
170,240
170,241
170,247
170,312
170,325
170,337
170,341
170,410
171,150
171,151
171,196
171,224
171,233
171,311
171,312
171,315
171,317
171,319
171,320
171,353
171,354
171,356
171,357
171,362
171,377
171,378
171,403
171,412
171,421
171,437
171,463
171,464
171,475
171,484
172,20
172,126
172,127
172,143
172,150
172,151
172,155
172,214
172,215
172,224
172,226
172,233
172,303
172,320
172,326
172,363
172,382
172,403
172,413
172,426
172,463
173,41
173,125
173,126
173,127
173,150
173,151
173,153
173,155
173,195
173,257
173,303
173,312
173,313
173,341
173,363
173,442
174,127
174,150
174,151
174,214
174,302
174,311
174,312
174,317
174,319
174,320
174,321
174,324
174,339
174,353
174,357
174,359
174,361
174,374
174,377
174,388
174,392
174,396
174,405
174,414
174,419
174,420
174,423
174,427
174,451
174,475
175,128
175,150
175,196
175,214
175,275
175,314
175,317
175,318
175,320
175,323
175,357
175,359
175,361
175,362
175,395
175,396
175,397
175,399
175,426
175,430
175,435
175,436
175,443
175,451
175,463
176,127
176,128
176,150
176,153
176,196
176,302
176,303
176,311
176,314
176,315
176,317
176,320
176,324
176,336
176,340
176,353
176,359
176,361
176,362
176,377
176,378
176,386
176,392
176,395
176,396
176,403
176,427
176,431
176,436
176,455
176,463
176,468
176,472
176,475
177,127
177,128
177,150
177,153
177,155
177,196
177,214
177,302
177,303
177,304
177,311
177,312
177,313
177,314
177,315
177,317
177,318
177,319
177,320
177,323
177,326
177,346
177,353
177,354
177,355
177,357
177,358
177,359
177,361
177,362
177,370
177,374
177,377
177,378
177,386
177,392
177,395
177,396
177,399
177,403
177,406
177,410
177,412
177,414
177,419
177,421
177,423
177,424
177,426
177,427
177,430
177,431
177,436
177,449
177,451
177,452
177,455
177,463
177,468
177,470
177,480
177,484
177,485
177,487
178,2
178,41
178,43
178,57
178,125
178,126
178,127
178,128
178,150
178,151
178,156
178,196
178,202
178,210
178,217
178,220
178,225
178,228
178,238
178,240
178,261
178,302
178,304
178,311
178,312
178,315
178,317
178,321
178,323
178,325
178,326
178,341
178,347
178,353
178,354
178,355
178,356
178,357
178,361
178,374
178,388
178,391
178,392
178,395
178,396
178,397
178,403
178,404
178,405
178,410
178,412
178,414
178,422
178,425
178,426
178,443
178,449
178,452
178,465
178,470
178,484
178,487
179,126
179,127
179,150
179,153
179,155
179,302
179,368
179,382
179,429
179,476
179,484
180,150
180,275
180,337
180,449
180,476
180,484
181,65
181,73
181,127
181,135
181,140
181,150
181,151
181,153
181,155
181,160
181,214
181,238
181,257
181,285
181,303
181,312
181,314
181,315
181,317
181,323
181,333
181,339
181,340
181,354
181,355
181,356
181,357
181,358
181,359
181,391
181,403
181,404
181,405
181,412
181,421
181,422
182,2
182,41
182,57
182,126
182,127
182,137
182,138
182,150
182,225
182,226
182,228
182,238
182,248
182,275
182,311
182,312
182,317
182,319
182,337
182,374
182,403
182,438
182,439
182,440
182,451
182,484
183,150
183,275
183,302
183,304
183,312
183,315
183,317
183,321
183,355
183,356
183,374
183,379
183,386
183,391
183,396
183,397
183,405
183,420
183,427
183,452
183,475
183,485
184,25
184,45
184,72
184,127
184,128
184,150
184,151
184,155
184,196
184,205
184,207
184,214
184,303
184,311
184,312
184,313
184,314
184,315
184,317
184,318
184,320
184,326
184,353
184,355
184,356
184,357
184,359
184,360
184,361
184,362
184,377
184,395
184,396
184,399
184,403
184,419
184,422
184,424
184,427
184,436
184,449
184,455
184,463
184,464
184,467
184,468
184,475
184,477
185,150
185,153
185,155
185,312
185,314
185,353
185,357
185,359
185,396
185,399
185,450
185,463
186,150
186,153
186,209
186,231
186,275
186,382
186,438
186,476
186,482
187,20
187,45
187,61
187,78
187,127
187,128
187,134
187,150
187,151
187,155
187,196
187,198
187,205
187,209
187,211
187,213
187,221
187,228
187,239
187,260
187,338
187,356
187,357
187,362
187,368
187,380
187,384
187,386
187,389
187,404
187,408
187,484
188,41
188,43
188,45
188,52
188,53
188,63
188,124
188,125
188,126
188,127
188,143
188,150
188,151
188,204
188,205
188,210
188,211
188,217
188,221
188,225
188,229
188,244
188,245
188,285
188,337
188,338
188,340
188,341
188,363
188,479
189,127
189,128
189,150
189,155
189,314
189,318
189,360
189,361
189,377
189,395
189,396
189,403
189,412
189,436
189,480
190,127
190,139
190,150
190,151
190,152
190,275
190,317
190,357
190,382
190,411
190,436
191,20
191,127
191,131
191,137
191,138
191,150
191,151
191,152
191,153
191,196
191,214
191,233
191,236
191,275
191,303
191,312
191,313
191,314
191,315
191,317
191,318
191,320
191,322
191,336
191,340
191,353
191,354
191,356
191,357
191,359
191,360
191,361
191,362
191,374
191,382
191,388
191,395
191,396
191,399
191,401
191,403
191,404
191,413
191,419
191,424
191,425
191,426
191,427
191,435
191,436
191,442
191,450
191,451
191,463
191,475
191,479
191,480
191,484
191,487
192,127
192,150
192,151
192,199
192,322
192,363
193,1
193,20
193,127
193,131
193,137
193,143
193,150
193,151
193,152
193,153
193,155
193,196
193,222
193,226
193,233
193,275
193,302
193,312
193,315
193,318
193,353
193,354
193,357
193,363
193,366
193,382
193,395
193,404
193,405
193,406
193,411
193,413
193,427
193,435
193,436
193,438
193,449
193,451
193,463
193,475
193,485
193,487
194,41
194,124
194,203
194,243
196,20
196,127
196,143
196,155
196,257
196,311
196,312
196,313
196,314
196,315
196,316
196,317
196,318
196,319
196,320
196,321
196,322
196,323
196,324
196,325
196,326
200,41
200,43
200,124
200,127
200,203
200,208
200,221
200,227
200,366
201,198
201,217
202,124
202,129
202,201
202,203
202,233
202,244
202,385
203,41
203,46
203,124
203,125
203,127
203,132
203,194
203,195
203,208
203,222
203,225
203,227
203,243
203,244
203,251
206,229
206,245
210,228
211,45
211,125
211,136
211,205
211,338
212,197
212,346
214,45
214,205
219,199
219,230
219,240
219,344
220,45
220,47
220,127
220,197
220,205
220,208
220,227
220,258
220,338
221,275
222,43
222,124
222,194
222,200
222,203
222,244
222,248
223,195
223,216
223,229
223,260
223,409
225,275
227,41
227,124
227,127
227,200
227,207
227,217
227,220
227,230
228,210
228,218
228,240
234,481
235,221
236,41
236,54
236,59
236,65
236,124
236,125
236,127
236,131
236,141
236,194
236,195
236,203
236,225
236,229
236,239
236,241
237,41
237,43
237,124
237,125
237,201
237,202
237,203
237,222
237,225
237,233
237,337
239,130
240,241
243,41
243,59
243,63
243,124
243,125
243,132
243,139
243,195
243,202
243,203
243,208
243,226
245,223
245,229
245,260
245,409
249,41
249,125
249,126
249,127
249,151
249,152
249,153
249,155
249,233
249,441
249,442
250,41
250,44
250,59
250,124
250,125
250,130
250,133
250,194
250,195
250,202
250,203
250,208
250,222
250,243
250,244
250,247
250,366
250,389
251,41
251,124
251,127
251,132
251,203
251,229
251,236
251,238
251,342
251,470
252,41
252,43
252,48
252,57
252,124
252,127
252,135
252,136
252,153
252,155
252,196
252,199
252,204
252,216
252,218
252,221
252,228
252,233
252,238
252,247
252,275
252,315
252,336
252,337
252,339
252,382
252,422
252,465
252,474
253,41
253,53
253,124
253,125
253,127
253,141
253,142
253,143
253,195
253,198
253,199
253,202
253,219
253,222
253,228
253,230
253,240
254,41
254,43
254,44
254,45
254,57
254,63
254,124
254,127
254,136
254,195
254,200
254,203
254,204
254,205
254,210
254,217
254,219
254,220
254,221
254,222
254,229
254,234
254,235
254,237
254,238
254,240
254,337
254,338
254,382
254,481
255,41
255,45
255,47
255,48
255,125
255,127
255,195
255,198
255,205
255,216
255,217
255,337
255,380
255,384
256,41
256,43
256,44
256,45
256,47
256,61
256,100
256,125
256,127
256,195
256,197
256,219
256,223
256,228
256,240
256,259
256,260
256,344
257,124
257,203
257,389
258,195
258,213
258,223
258,229
258,409
259,195
259,213
259,223
259,229
259,260
260,195
260,223
260,229
260,259
260,409
261,195
261,257
261,313
261,317
261,318
262,45
262,47
262,125
262,126
262,127
262,205
262,210
262,211
262,212
262,213
262,258
262,338
262,408
263,45
263,46
263,49
263,125
263,126
263,205
263,259
263,260
263,337
263,338
263,380
263,384
263,410
264,43
264,45
264,53
264,61
264,63
264,125
264,126
264,138
264,205
264,211
264,217
264,218
264,219
264,220
264,225
264,231
264,239
264,338
264,340
264,344
264,357
265,2
265,65
265,125
265,127
265,143
265,196
265,275
265,285
265,304
265,311
265,312
265,317
265,318
265,320
265,339
265,353
265,354
265,357
265,363
265,373
265,381
265,382
265,392
265,396
265,403
265,405
265,423
265,437
265,438
265,463
265,465
265,487
266,267
268,266
268,267
268,456
268,457
268,458
268,459
269,266
269,267
269,394
271,20
271,238
271,270
271,302
271,311
271,315
271,317
271,339
271,340
271,355
271,379
271,382
271,388
271,392
271,404
271,405
271,414
271,421
271,423
271,424
271,425
271,426
271,427
271,485
271,487
271,488
272,270
272,275
272,302
272,303
272,304
272,311
272,312
272,314
272,318
272,320
272,324
272,326
272,339
272,355
272,386
272,390
272,391
272,392
272,403
272,405
272,412
272,414
272,420
272,421
272,422
272,423
272,425
272,426
272,427
272,431
272,434
272,449
272,455
272,463
272,475
272,487
273,270
273,302
273,304
273,312
273,339
273,354
273,357
273,392
273,403
273,404
273,405
273,424
273,425
273,427
273,487
274,270
274,296
274,302
274,303
274,304
274,320
274,356
274,357
274,392
274,404
274,405
274,406
274,420
274,424
274,425
274,427
274,430
276,156
276,201
276,216
276,275
276,285
276,339
276,373
276,438
276,443
276,468
276,484
277,275
277,314
277,382
277,438
277,439
277,443
277,452
277,463
278,54
278,275
278,336
278,347
278,357
278,476
278,482
279,20
279,127
279,128
279,155
279,275
279,314
279,320
279,324
279,336
279,355
279,377
279,397
279,399
279,419
279,437
280,128
280,151
280,155
280,275
280,297
280,311
280,312
280,314
280,317
280,320
280,323
280,324
280,336
280,357
280,359
280,360
280,361
280,377
280,378
280,395
280,396
280,399
280,402
280,424
280,430
280,431
280,435
280,436
280,437
280,468
280,472
281,1
281,20
281,135
281,196
281,275
281,311
281,321
281,322
281,370
281,382
281,386
281,401
281,437
281,477
281,483
282,128
282,196
282,209
282,214
282,231
282,275
282,302
282,304
282,311
282,314
282,317
282,320
282,356
282,359
282,370
282,386
282,395
282,396
282,403
282,435
282,438
282,443
283,20
283,152
283,155
283,196
283,275
283,314
283,354
283,356
283,379
283,420
283,443
283,450
283,452
283,470
284,196
284,275
284,311
284,314
284,315
284,317
284,326
284,339
284,355
284,356
284,357
284,403
284,404
284,426
284,427
284,430
284,485
284,487
286,287
286,288
286,289
286,290
286,291
286,292
287,286
287,289
287,290
287,291
287,293
287,445
288,286
288,287
288,289
288,290
288,291
288,292
288,293
288,445
289,286
289,287
289,290
289,291
289,293
289,294
290,286
290,287
290,289
290,291
290,292
290,293
290,294
290,445
290,469
291,286
291,287
291,290
291,293
292,286
292,287
292,288
292,289
292,290
292,293
292,294
292,445
293,286
293,287
293,288
293,290
293,291
293,292
293,294
293,445
294,286
294,287
294,289
294,290
294,291
295,212
295,286
295,287
295,288
295,289
295,290
295,291
295,292
295,293
295,294
295,445
295,469
296,297
296,298
296,299
297,298
297,299
298,296
298,297
298,299
299,296
299,298
300,44
300,131
300,151
300,155
300,212
300,296
300,302
300,313
300,337
300,364
300,382
300,396
300,434
301,127
301,151
301,296
301,312
301,317
301,326
301,353
301,414
301,427
301,430
301,451
302,303
303,406
304,298
304,302
304,429
305,196
305,302
305,303
305,304
305,311
305,312
305,314
305,315
305,318
305,320
305,321
305,325
305,326
305,339
305,340
305,346
305,354
305,355
305,357
305,391
305,392
305,396
305,403
305,404
305,405
305,412
305,414
305,419
305,420
305,421
305,422
305,423
305,424
305,427
305,430
305,431
305,449
305,487
306,57
306,210
306,224
306,226
306,242
306,302
306,322
306,357
306,405
306,421
306,467
307,302
307,303
307,311
307,312
307,314
307,315
307,318
307,355
307,382
307,405
307,414
307,419
307,423
307,425
307,486
308,302
308,311
308,382
308,388
308,391
308,404
308,414
308,423
308,485
308,487
309,207
309,297
309,302
309,303
309,312
309,313
309,314
309,315
309,320
309,339
309,340
309,354
309,355
309,392
309,399
309,403
309,404
309,405
309,412
309,419
309,422
309,426
309,485
309,487
313,297
313,317
313,324
313,402
313,430
314,323
314,392
314,431
320,356
320,431
326,246
327,196
327,224
327,297
327,303
327,312
327,313
327,314
327,315
327,316
327,317
327,318
327,319
327,320
327,339
327,354
327,355
327,356
327,377
327,391
327,392
327,402
327,403
327,405
327,412
327,419
327,420
327,421
327,422
327,423
327,424
327,425
327,426
327,427
328,196
328,298
328,471
328,482
329,134
329,137
329,151
329,153
329,155
329,196
329,314
329,316
329,317
329,318
329,324
329,346
329,355
329,359
329,360
329,361
329,377
329,395
329,399
329,402
329,403
329,412
329,434
329,463
329,464
329,480
330,196
330,312
330,314
330,315
330,317
330,318
330,321
330,339
330,346
330,354
330,360
330,361
330,391
330,395
330,396
330,405
330,412
330,423
330,425
330,434
330,487
331,196
331,304
331,312
331,314
331,315
331,318
331,320
331,358
331,391
331,392
331,403
331,405
331,414
331,421
331,431
331,485
331,487
332,196
332,312
332,314
332,315
332,320
332,356
332,357
332,359
332,377
332,395
332,396
332,399
332,402
332,403
332,424
332,425
332,455
332,479
332,480
333,196
333,297
333,304
333,312
333,314
333,315
333,317
333,318
333,320
333,324
333,326
333,354
333,355
333,356
333,388
333,391
333,392
333,403
333,404
333,405
333,412
333,421
333,422
333,423
333,425
333,426
333,427
333,430
333,434
333,449
333,475
333,480
333,485
333,487
333,488
334,128
334,196
334,312
334,317
334,318
334,320
334,323
334,324
334,353
334,359
334,361
334,403
334,430
334,431
335,196
335,303
335,312
335,314
335,315
335,319
335,326
335,354
335,356
335,391
335,392
335,403
335,406
335,412
335,420
335,422
335,427
335,485
336,1
336,2
336,20
336,322
336,357
336,401
336,472
336,477
336,482
336,483
337,204
338,132
338,208
338,378
341,127
341,151
341,311
343,47
343,56
343,61
343,126
343,127
343,130
343,212
343,213
343,219
343,221
343,223
343,229
343,234
343,239
343,248
343,258
343,337
343,383
343,481
344,43
344,47
344,127
344,197
344,217
344,220
344,227
344,380
344,384
345,2
345,44
345,130
345,135
345,207
345,216
345,247
345,321
345,342
345,374
345,389
345,410
345,414
345,482
347,127
347,155
348,47
348,48
348,127
348,136
348,258
348,383
348,453
349,127
349,153
349,155
349,214
349,215
349,224
349,413
349,442
349,463
350,127
350,143
350,151
350,155
350,311
350,341
350,346
351,127
351,151
351,155
351,303
351,313
351,322
351,355
351,359
351,360
351,361
351,377
351,396
351,430
351,435
351,436
351,437
352,127
352,155
352,314
352,315
352,317
352,320
352,339
352,355
352,386
352,388
352,391
352,392
352,397
352,403
352,414
352,420
352,427
354,392
356,405
358,389
359,153
359,209
359,318
359,320
359,323
359,324
359,360
359,361
359,396
359,403
359,472
361,360
364,382
364,481
364,486
365,131
365,151
365,226
365,311
365,317
365,363
365,391
365,414
365,463
365,470
367,46
367,133
367,141
367,142
367,208
367,325
367,402
367,415
367,444
369,20
369,312
369,313
369,314
369,318
369,320
369,324
369,336
369,357
369,359
369,377
369,396
369,401
369,403
369,431
369,468
369,471
370,20
370,386
371,20
371,312
371,319
371,336
371,357
371,360
371,361
371,377
371,386
371,395
371,396
371,397
371,435
371,472
371,480
372,20
372,322
372,323
372,360
372,361
372,382
372,401
372,477
372,483
374,373
375,376
375,446
375,447
375,448
377,128
377,303
377,317
377,323
377,378
377,397
377,403
377,435
377,436
377,437
378,54
378,128
378,339
378,377
378,455
379,346
380,384
381,65
387,214
387,303
387,304
387,312
387,314
387,320
387,322
387,336
387,356
387,357
387,361
387,362
387,382
387,386
387,392
387,401
387,403
387,431
387,450
387,451
387,455
387,472
390,131
390,231
390,325
390,389
392,354
392,391
393,54
393,207
393,238
393,325
393,439
393,443
393,488
395,396
395,397
396,368
396,399
397,401
398,152
398,214
398,226
398,314
398,317
398,320
398,336
398,356
398,357
398,385
398,392
398,395
398,396
398,399
398,406
398,421
398,425
398,475
398,482
400,226
400,228
400,238
400,317
400,360
400,361
400,374
400,378
400,382
400,396
400,436
400,455
400,468
401,397
402,313
402,403
403,314
403,402
403,405
403,429
404,405
406,448
407,139
407,152
407,209
407,411
407,418
408,80
408,225
408,227
411,152
411,407
411,438
411,439
411,440
412,339
413,136
413,153
413,155
413,215
413,224
413,415
413,444
414,311
415,136
416,313
416,382
416,414
416,423
416,426
416,471
416,472
416,487
417,382
417,481
417,486
418,139
418,223
418,249
418,407
419,427
421,406
424,406
424,419
425,412
428,317
428,326
428,355
428,356
428,392
428,405
428,412
428,414
428,421
428,423
428,424
428,425
428,427
429,412
430,324
430,361
432,316
433,140
433,317
433,359
433,437
433,449
433,467
434,423
434,485
436,468
438,152
438,411
441,442
444,153
444,358
445,287
445,289
445,290
445,291
445,292
445,293
446,375
446,447
447,446
454,132
454,324
454,325
454,364
454,410
454,467
456,268
456,457
456,458
456,459
457,268
457,456
457,458
457,459
458,268
458,456
458,457
458,459
459,268
459,456
459,457
459,458
460,248
461,460
464,134
466,465
466,471
466,478
466,479
469,290
469,292
469,445
471,328
473,474
474,473
475,233
476,429
476,477
479,478
481,234
482,368
490,269