0,0
1,1
2,2
3,3
4,4
5,5
6,6
7,7
8,8
9,9
10,10
11,11
12,12
13,13
14,14
15,15
16,16
17,17
18,18
19,19
20,20
21,21
22,22
23,23
24,24
25,25
26,26
27,27
28,28
29,29
30,30
31,31
32,32
33,33
34,34
35,35
36,36
37,37
38,38
39,39
40,40
41,41
42,42
43,43
44,44
45,45
46,46
47,47
48,48
49,49
50,50
51,51
52,52
53,53
54,54
55,55
56,56
57,57
58,58
59,59
60,60
61,61
62,62
63,63
64,64
65,65
66,66
67,67
68,68
69,69
70,70
71,71
72,72
73,73
74,74
75,75
76,76
77,77
78,78
79,79
80,80
81,81
82,82
83,83
84,84
85,85
86,86
87,87
88,88
89,89
90,90
91,91
92,92
93,93
94,94
95,95
96,96
97,97
98,98
99,99
100,100
101,101
102,102
103,103
104,104
105,105
106,106
107,107
108,108
109,109
110,110
111,111
112,112
113,113
114,114
115,115
116,116
117,117
118,118
119,119
120,120
121,121
122,122
123,123
124,124
125,125
126,126
127,127
128,128
129,129
130,130
131,131
132,132
133,133
134,134
135,135
136,136
137,137
138,138
139,139
140,140
141,141
142,142
143,143
144,144
145,145
146,146
147,147
148,148
149,149
150,150
151,151
152,152
153,153
154,154
155,155
156,156
157,157
158,158
159,159
160,160
161,161
162,162
163,163
164,164
165,165
166,166
167,167
168,168
169,169
170,170
171,171
172,172
173,173
174,174
175,175
176,176
177,177
178,178
179,179
180,180
181,181
182,182
183,183
184,184
185,185
186,186
187,187
188,188
189,189
190,190
191,191
192,192
193,193
194,194
195,195
196,196
197,197
198,198
199,199
200,200
201,201
202,202
203,203
204,204
205,205
206,206
207,207
208,208
209,209
210,210
211,211
212,212
213,213
214,214
215,215
216,216
217,217
218,218
219,219
220,220
221,221
222,222
223,223
224,224
225,225
226,226
227,227
228,228
229,229
230,230
231,231
232,232
233,233
234,234
235,235
236,236
237,237
238,238
239,239
240,240
241,241
242,242
243,243
244,244
245,245
246,246
247,247
248,248
249,249
250,250
251,251
252,252
253,253
254,254
255,255

0,1
0,5
0,15
0,20
0,27
0,31
0,49
0,112
0,114
0,135
0,147
0,153
0,211
0,235
1,5
1,10
1,15
1,27
1,55
1,116
1,120
1,153
1,172
1,251
2,6
2,19
2,24
2,27
2,29
2,49
2,85
2,120
2,154
2,199
2,205
2,209
3,4
3,5
3,7
3,16
3,17
3,19
3,26
3,29
3,31
3,45
3,55
3,56
3,114
3,116
3,120
3,177
3,205
3,208
3,235
3,251
4,1
4,5
4,15
4,20
4,27
4,31
4,53
4,172
4,177
4,180
4,211
4,251
5,1
5,10
5,15
5,16
5,27
5,31
5,32
5,35
5,55
5,116
5,153
5,154
5,172
5,180
5,192
5,251
6,2
6,5
6,10
6,13
6,15
6,17
6,19
6,20
6,31
6,122
6,172
6,177
6,209
6,211
6,227
6,235
6,243
7,195
7,196
8,11
8,19
8,25
8,27
8,36
8,40
8,45
8,55
8,57
8,115
8,116
8,123
8,153
8,154
8,161
8,172
8,192
8,194
8,208
8,211
8,244
8,251
9,27
9,40
9,58
9,70
9,115
9,139
10,1
10,5
10,16
10,27
10,31
10,32
10,55
10,56
10,57
10,116
10,153
10,177
10,216
10,226
10,227
10,235
10,244
11,8
11,20
11,27
11,29
11,45
11,56
11,64
11,84
11,123
11,137
11,154
11,180
11,194
11,209
11,226
11,235
11,239
12,2
12,3
12,4
12,5
12,11
12,13
12,15
12,17
12,19
12,22
12,24
12,25
12,27
12,30
12,31
12,39
12,45
12,51
12,55
12,58
12,114
12,115
12,116
12,123
12,143
12,154
12,172
12,180
12,192
12,194
12,205
12,209
12,211
12,226
12,227
12,234
12,235
12,248
13,6
13,12
13,16
13,19
13,24
13,29
13,31
13,56
13,58
13,115
13,116
13,154
13,172
13,180
13,196
13,209
13,211
13,235
13,244
13,251
14,25
14,153
15,1
15,4
15,5
15,6
15,18
15,20
15,31
15,49
15,114
15,116
15,154
15,192
15,199
15,211
15,233
15,235
16,5
16,10
16,13
16,17
16,19
16,20
16,24
16,27
16,29
16,32
16,45
16,84
16,114
16,154
16,177
16,180
16,198
16,199
16,205
16,209
16,226
16,235
16,251
17,6
17,16
17,19
17,24
17,25
17,39
17,84
17,114
17,116
17,154
17,172
17,180
17,192
17,209
17,211
17,233
17,234
17,235
17,239
17,251
18,5
18,10
18,15
18,20
18,30
18,39
18,43
18,47
18,48
18,56
18,64
18,116
18,122
18,143
18,153
18,177
18,196
18,230
18,249
19,1
19,3
19,4
19,6
19,8
19,16
19,17
19,24
19,26
19,27
19,31
19,32
19,51
19,98
19,114
19,116
19,122
19,192
19,205
19,214
19,235
19,239
19,251
20,5
20,6
20,15
20,21
20,27
20,31
20,32
20,116
20,147
20,153
20,154
20,234
20,243
21,10
21,19
21,20
21,24
21,25
21,27
21,29
21,31
21,39
21,40
21,45
21,56
21,64
21,84
21,115
21,120
21,143
21,171
21,194
21,205
21,209
21,233
22,13
22,19
22,20
22,24
22,29
22,40
22,45
22,57
22,85
22,96
22,115
22,116
22,133
22,143
22,172
22,192
22,196
22,209
22,211
22,217
22,251
22,253
23,10
23,39
23,49
23,74
23,79
23,89
23,120
23,145
23,153
23,166
23,201
23,229
23,234
23,244
23,246
23,253
24,5
24,8
24,12
24,13
24,16
24,17
24,19
24,21
24,22
24,27
24,29
24,31
24,32
24,45
24,64
24,116
24,153
24,154
24,171
24,177
24,180
24,194
24,196
24,205
24,211
24,227
24,234
24,239
24,244
24,251
25,8
25,12
25,17
25,21
25,28
25,31
25,43
25,45
25,64
25,115
25,116
25,140
25,143
25,145
25,180
25,193
25,194
25,196
25,209
25,210
25,211
25,214
26,6
26,8
26,19
26,56
26,118
26,172
26,177
26,198
26,208
26,209
26,211
26,239
27,2
27,5
27,8
27,9
27,10
27,11
27,12
27,16
27,20
27,24
27,28
27,29
27,32
27,36
27,38
27,40
27,42
27,57
27,58
27,64
27,114
27,116
27,122
27,170
27,172
27,176
27,192
27,194
27,209
27,214
27,216
27,239
27,251
28,25
28,27
28,39
28,40
28,57
28,64
28,117
28,122
28,136
28,145
28,154
28,171
28,192
28,194
28,196
28,211
29,2
29,6
29,11
29,13
29,16
29,17
29,19
29,24
29,27
29,31
29,51
29,56
29,84
29,114
29,143
29,153
29,154
29,180
29,192
29,196
29,205
29,209
29,211
29,235
29,239
29,251
30,1
30,3
30,4
30,5
30,6
30,10
30,12
30,13
30,15
30,16
30,18
30,19
30,20
30,31
30,32
30,47
30,58
30,64
30,98
30,115
30,120
30,143
30,145
30,153
30,154
30,172
30,177
30,180
30,211
30,230
30,234
30,235
30,239
30,253
31,0
31,3
31,5
31,6
31,10
31,12
31,13
31,15
31,17
31,19
31,20
31,24
31,25
31,29
31,36
31,39
31,49
31,55
31,57
31,58
31,64
31,87
31,114
31,140
31,145
31,153
31,172
31,187
31,192
31,194
31,196
31,209
31,214
31,227
31,230
31,235
32,5
32,10
32,16
32,19
32,20
32,24
32,27
32,49
32,66
32,167
32,208
32,221
32,229
33,1
33,3
33,12
33,21
33,26
33,28
33,29
33,30
33,36
33,42
33,43
33,49
33,51
33,57
33,58
33,84
33,87
33,89
33,97
33,98
33,115
33,120
33,153
33,166
33,177
33,180
33,181
33,187
33,198
33,208
33,209
33,217
33,226
33,235
33,244
33,251
34,17
34,38
34,43
34,97
34,115
34,133
34,137
34,143
34,145
34,166
34,211
34,229
34,248
35,5
35,55
35,58
35,116
35,140
35,189
35,214
36,8
36,10
36,27
36,31
36,33
36,43
36,45
36,51
36,89
36,97
36,116
36,133
36,139
36,143
36,154
36,172
36,180
36,187
36,235
36,249
37,1
37,2
37,3
37,4
37,5
37,6
37,8
37,10
37,11
37,15
37,16
37,17
37,19
37,20
37,21
37,24
37,29
37,38
37,41
37,42
37,44
37,49
37,50
37,51
37,53
37,54
37,55
37,58
37,62
37,63
37,64
37,65
37,70
37,75
37,76
37,79
37,81
37,82
37,83
37,84
37,92
37,94
37,96
37,98
37,103
37,104
37,105
37,106
37,107
37,108
37,109
37,112
37,113
37,114
37,119
37,121
37,122
37,125
37,126
37,127
37,128
37,129
37,130
37,132
37,134
37,135
37,136
37,138
37,139
37,141
37,142
37,143
37,145
37,148
37,152
37,155
37,161
37,162
37,163
37,165
37,166
37,167
37,168
37,170
37,174
37,178
37,179
37,181
37,183
37,185
37,188
37,191
37,193
37,194
37,195
37,196
37,199
37,203
37,205
37,206
37,207
37,209
37,210
37,212
37,213
37,217
37,218
37,221
37,223
37,224
37,225
37,227
37,228
37,229
37,231
37,233
37,234
37,238
37,239
37,243
37,245
37,248
37,249
37,250
37,251
37,252
37,254
38,4
38,27
38,43
38,112
38,115
38,120
38,139
38,177
38,185
38,193
38,196
38,211
39,12
39,15
39,17
39,18
39,21
39,23
39,26
39,28
39,31
39,40
39,44
39,45
39,47
39,49
39,53
39,57
39,59
39,64
39,92
39,118
39,122
39,123
39,142
39,145
39,146
39,166
39,172
39,180
39,192
39,194
39,196
39,198
39,211
39,219
39,233
39,244
40,1
40,8
40,9
40,12
40,13
40,17
40,20
40,21
40,22
40,24
40,27
40,28
40,32
40,39
40,45
40,48
40,57
40,64
40,98
40,115
40,124
40,145
40,153
40,172
40,175
40,177
40,180
40,194
40,208
40,210
40,211
40,224
40,235
40,251
41,11
41,21
41,22
41,28
41,30
41,33
41,36
41,37
41,38
41,42
41,44
41,61
41,63
41,70
41,81
41,87
41,89
41,97
41,108
41,112
41,122
41,143
41,145
41,152
41,171
41,180
41,193
41,196
41,229
41,233
41,234
41,245
42,27
42,33
42,48
42,74
42,97
42,115
42,116
42,129
42,139
42,146
42,166
42,170
42,177
42,196
42,199
42,209
42,211
42,234
43,2
43,3
43,4
43,8
43,11
43,15
43,16
43,18
43,21
43,22
43,25
43,28
43,30
43,33
43,36
43,38
43,45
43,54
43,57
43,61
43,68
43,87
43,101
43,102
43,114
43,123
43,139
43,143
43,177
43,180
43,187
43,190
43,192
43,196
43,204
43,209
43,229
43,233
43,251
44,2
44,6
44,11
44,39
44,41
44,48
44,49
44,50
44,63
44,97
44,99
44,114
44,115
44,120
44,133
44,137
44,139
44,143
44,145
44,153
44,161
44,166
44,177
44,181
44,193
44,198
44,199
44,203
44,205
44,211
44,217
44,229
44,244
44,253
45,3
45,4
45,5
45,6
45,8
45,11
45,12
45,13
45,15
45,16
45,17
45,19
45,21
45,22
45,24
45,25
45,26
45,29
45,36
45,38
45,39
45,40
45,42
45,43
45,44
45,51
45,57
45,58
45,59
45,61
45,62
45,63
45,64
45,65
45,75
45,76
45,81
45,83
45,84
45,86
45,92
45,94
45,96
45,99
45,101
45,107
45,110
45,114
45,115
45,120
45,121
45,122
45,139
45,143
45,163
45,166
45,176
45,180
45,187
45,192
45,193
45,194
45,195
45,209
45,230
45,232
45,233
45,235
45,248
45,252
46,90
46,113
46,115
46,135
46,160
46,162
46,164
46,174
46,190
46,252
47,6
47,18
47,30
47,39
47,50
47,57
47,63
47,81
47,89
47,94
47,99
47,102
47,103
47,112
47,115
47,122
47,124
47,136
47,139
47,143
47,155
47,161
47,169
47,180
47,183
47,186
47,193
47,196
47,217
47,219
47,220
47,245
47,249
48,18
48,40
48,42
48,44
48,49
48,70
48,75
48,81
48,87
48,97
48,101
48,115
48,139
48,143
48,145
48,161
48,172
48,176
48,177
48,180
48,192
48,195
48,196
48,198
49,0
49,2
49,15
49,23
49,31
49,32
49,33
49,37
49,39
49,44
49,48
49,51
49,54
49,60
49,61
49,66
49,68
49,70
49,71
49,72
49,73
49,75
49,83
49,87
49,90
49,98
49,102
49,104
49,107
49,110
49,114
49,117
49,120
49,122
49,125
49,126
49,131
49,134
49,138
49,147
49,148
49,155
49,178
49,182
49,184
49,186
49,188
49,190
49,198
49,204
49,206
49,218
49,222
49,225
49,227
49,231
49,236
49,238
49,239
49,243
49,245
49,248
49,250
50,44
50,47
50,58
50,59
50,76
50,81
50,115
50,117
50,152
50,163
50,186
50,198
50,217
50,232
50,241
50,245
50,252
50,254
51,3
51,4
51,19
51,29
51,36
51,37
51,49
51,53
51,55
51,56
51,65
51,79
51,85
51,96
51,97
51,99
51,101
51,110
51,114
51,115
51,116
51,117
51,129
51,136
51,137
51,139
51,145
51,152
51,166
51,181
51,187
51,199
51,203
51,217
51,223
51,228
51,241
51,244
51,249
51,252
53,4
53,39
53,51
53,56
53,62
53,85
53,89
53,96
53,97
53,99
53,101
53,120
53,121
53,136
53,138
53,161
53,166
53,173
53,177
53,199
53,217
53,219
53,238
53,241
53,253
54,3
54,43
54,49
54,87
54,89
54,90
54,108
54,137
54,210
54,241
54,244
55,1
55,5
55,8
55,10
55,35
55,87
55,116
55,172
55,196
55,199
56,3
56,8
56,10
56,11
56,13
56,18
56,21
56,26
56,29
56,51
56,53
56,75
56,84
56,87
56,94
56,96
56,117
56,137
56,145
56,153
56,177
56,192
56,196
56,234
56,242
57,8
57,10
57,28
57,39
57,40
57,45
57,47
57,64
57,75
57,116
57,154
57,172
57,176
57,192
57,194
57,196
57,199
57,211
57,244
58,2
58,3
58,4
58,5
58,6
58,8
58,9
58,11
58,13
58,16
58,17
58,27
58,29
58,30
58,31
58,33
58,35
58,45
58,50
58,51
58,55
58,64
58,97
58,114
58,115
58,133
58,153
58,154
58,170
58,192
58,211
58,221
58,226
58,229
58,230
58,234
58,245
58,253
59,39
59,50
59,74
59,75
59,84
59,101
59,145
59,193
59,253
60,35
60,49
60,55
60,71
60,73
60,91
60,106
60,113
60,125
60,141
60,149
60,156
60,157
60,164
60,167
60,175
60,186
60,189
60,197
60,204
60,215
60,217
60,220
60,246
60,254
61,2
61,12
61,13
61,15
61,21
61,28
61,30
61,39
61,45
61,49
61,58
61,64
61,98
61,120
61,123
61,143
61,172
61,180
61,192
61,198
61,209
61,211
61,233
61,244
62,36
62,53
62,65
62,92
62,96
62,97
62,115
62,117
62,139
62,163
62,168
62,197
62,245
63,41
63,44
63,47
63,70
63,114
63,115
63,133
63,139
63,143
63,170
63,180
63,196
63,199
63,211
63,213
64,5
64,11
64,16
64,18
64,21
64,24
64,25
64,27
64,28
64,30
64,31
64,32
64,39
64,40
64,45
64,57
64,58
64,61
64,80
64,83
64,107
64,110
64,115
64,122
64,123
64,143
64,145
64,172
64,180
64,192
64,193
64,194
64,196
64,208
64,214
64,233
64,234
64,251
65,51
65,62
65,97
65,101
65,110
65,115
65,136
65,137
65,138
65,139
65,166
65,197
65,199
65,203
65,217
65,219
65,228
65,238
65,241
65,244
65,245
65,253
66,15
66,32
66,91
66,102
66,103
66,131
66,137
66,150
66,156
66,183
66,188
66,215
66,220
66,231
66,254
67,66
67,71
67,89
67,91
67,106
67,131
67,136
67,156
67,167
67,179
67,181
67,188
67,212
67,215
67,222
67,255
68,43
68,108
68,229
69,25
69,33
69,34
69,45
69,60
69,66
69,67
69,71
69,72
69,73
69,91
69,106
69,113
69,124
69,125
69,131
69,141
69,142
69,147
69,148
69,150
69,151
69,156
69,160
69,167
69,169
69,178
69,210
69,212
69,232
69,233
69,240
69,255
70,3
70,4
70,9
70,19
70,21
70,38
70,40
70,41
70,43
70,44
70,48
70,49
70,58
70,63
70,81
70,84
70,89
70,115
70,120
70,143
70,161
70,196
70,198
70,233
70,245
70,251
71,27
71,35
71,103
71,105
71,115
71,126
71,134
71,148
71,149
71,179
71,189
71,204
71,231
72,3
72,34
72,43
72,47
72,49
72,63
72,82
72,89
72,90
72,91
72,97
72,99
72,100
72,103
72,104
72,105
72,112
72,113
72,118
72,119
72,124
72,125
72,132
72,135
72,145
72,149
72,150
72,157
72,159
72,161
72,167
72,175
72,176
72,183
72,186
72,187
72,207
72,212
72,218
72,220
72,224
72,227
72,232
72,245
72,250
73,20
73,49
73,59
73,71
73,72
73,88
73,91
73,102
73,105
73,108
73,132
73,141
73,142
73,148
73,149
73,151
73,156
73,157
73,159
73,167
73,175
73,176
73,181
73,186
73,201
73,204
73,209
73,210
73,212
73,216
73,217
73,231
73,238
73,243
73,245
73,250
73,254
74,23
74,33
74,42
74,43
74,48
74,50
74,59
74,63
74,70
74,75
74,76
74,84
74,99
74,115
74,117
74,119
74,145
74,161
74,170
74,195
74,204
74,233
74,247
74,253
75,48
75,49
75,56
75,57
75,59
75,74
75,76
75,81
75,84
75,86
75,89
75,97
75,99
75,101
75,105
75,114
75,115
75,120
75,129
75,139
75,145
75,152
75,161
75,166
75,187
75,193
75,196
75,198
75,199
75,213
75,217
75,227
75,242
75,245
75,247
75,249
75,253
75,255
76,43
76,48
76,50
76,59
76,63
76,70
76,74
76,75
76,84
76,115
76,120
76,129
76,139
76,145
76,166
76,168
76,193
76,196
76,198
76,199
76,217
76,223
76,238
76,245
76,247
77,79
77,103
77,104
77,127
77,147
77,183
77,240
78,40
78,60
78,69
78,91
78,95
78,109
78,125
78,137
78,156
78,169
78,183
78,220
78,232
78,240
78,247
78,255
79,23
79,51
79,55
79,85
79,89
79,92
79,97
79,110
79,115
79,116
79,120
79,121
79,129
79,173
79,181
79,217
79,219
79,232
79,238
79,244
79,245
79,253
80,11
80,64
80,114
80,115
80,169
80,173
80,177
80,181
80,202
80,213
80,234
80,235
81,41
81,43
81,47
81,48
81,50
81,57
81,70
81,75
81,97
81,166
81,199
81,210
81,227
81,233
81,244
81,249
81,253
82,34
82,72
82,90
82,91
82,96
82,100
82,102
82,105
82,107
82,109
82,125
82,130
82,134
82,158
82,164
82,186
82,190
82,197
82,204
82,212
82,218
82,222
82,223
82,229
82,236
83,0
83,3
83,5
83,11
83,15
83,31
83,49
83,64
83,108
83,129
83,134
83,136
83,138
83,139
83,143
83,145
83,174
83,180
83,196
83,229
83,234
83,244
84,4
84,5
84,8
84,11
84,12
84,16
84,17
84,21
84,22
84,29
84,33
84,42
84,45
84,56
84,58
84,59
84,63
84,64
84,70
84,74
84,75
84,81
84,86
84,89
84,97
84,99
84,115
84,120
84,123
84,129
84,139
84,145
84,161
84,170
84,180
84,187
84,195
84,198
84,227
84,233
84,245
84,247
85,2
85,4
85,5
85,22
85,30
85,51
85,53
85,79
85,86
85,89
85,90
85,97
85,110
85,114
85,120
85,166
85,173
85,181
85,199
85,202
85,209
85,216
85,234
86,10
86,33
86,75
86,81
86,84
86,85
86,99
86,101
86,104
86,139
86,145
86,166
86,168
86,196
86,198
86,216
86,234
86,245
87,1
87,31
87,33
87,35
87,38
87,41
87,42
87,43
87,48
87,49
87,54
87,55
87,56
87,97
87,133
87,139
87,171
87,181
87,189
87,196
87,203
87,213
87,252
88,0
88,4
88,7
88,13
88,21
88,30
88,33
88,48
88,56
88,57
88,61
88,70
88,73
88,81
88,87
88,90
88,104
88,108
88,113
88,114
88,120
88,125
88,128
88,130
88,132
88,134
88,145
88,150
88,162
88,176
88,180
88,184
88,186
88,188
88,190
88,191
88,200
88,206
88,209
88,213
88,216
88,217
88,222
88,224
88,225
88,231
88,236
88,238
88,241
88,243
88,248
89,3
89,12
89,13
89,20
89,21
89,23
89,28
89,33
89,36
89,41
89,47
89,53
89,54
89,61
89,67
89,70
89,72
89,75
89,79
89,84
89,85
89,91
89,93
89,98
89,99
89,101
89,107
89,110
89,120
89,128
89,130
89,134
89,148
89,155
89,158
89,159
89,161
89,166
89,167
89,173
89,180
89,186
89,195
89,213
89,216
89,227
89,235
89,242
89,246
90,0
90,23
90,49
90,54
90,82
90,88
90,94
90,98
90,107
90,134
90,137
90,144
90,146
90,148
90,150
90,152
90,156
90,157
90,158
90,162
90,164
90,167
90,168
90,177
90,181
90,184
90,195
90,215
90,254
91,66
91,67
91,71
91,72
91,73
91,79
91,82
91,83
91,85
91,89
91,98
91,100
91,103
91,104
91,106
91,120
91,130
91,132
91,137
91,145
91,157
91,160
91,174
91,175
91,183
91,186
91,197
91,204
91,215
91,232
91,238
91,250
92,39
92,62
92,101
92,120
92,139
92,143
92,163
92,173
92,219
93,89
94,12
94,23
94,25
94,47
94,51
94,56
94,65
94,76
94,90
94,96
94,97
94,101
94,105
94,115
94,129
94,132
94,135
94,136
94,138
94,139
94,144
94,145
94,152
94,155
94,156
94,161
94,166
94,171
94,176
94,178
94,179
94,183
94,185
94,190
94,191
94,201
94,203
94,213
94,218
94,219
94,223
94,227
94,228
94,241
94,242
94,249
95,20
95,22
95,32
95,34
95,36
95,37
95,38
95,39
95,41
95,46
95,50
95,52
95,58
95,60
95,67
95,69
95,70
95,71
95,72
95,73
95,75
95,76
95,78
95,83
95,86
95,87
95,90
95,92
95,94
95,104
95,106
95,109
95,112
95,113
95,120
95,121
95,124
95,125
95,130
95,131
95,134
95,138
95,142
95,147
95,151
95,152
95,157
95,160
95,161
95,162
95,165
95,166
95,167
95,170
95,178
95,184
95,186
95,187
95,188
95,190
95,191
95,195
95,198
95,199
95,204
95,210
95,216
95,218
95,220
95,222
95,229
95,236
95,238
95,242
95,247
95,253
95,255
96,1
96,4
96,22
96,51
96,53
96,56
96,62
96,65
96,101
96,102
96,107
96,108
96,115
96,117
96,119
96,129
96,139
96,144
96,152
96,164
96,228
96,244
96,251
97,1
97,2
97,3
97,5
97,30
97,33
97,34
97,36
97,41
97,42
97,44
97,48
97,51
97,53
97,57
97,58
97,61
97,62
97,65
97,75
97,79
97,81
97,84
97,85
97,87
97,94
97,99
97,107
97,114
97,117
97,122
97,144
97,154
97,163
97,166
97,170
97,180
97,187
97,193
97,195
97,199
97,205
97,219
97,245
98,19
98,30
98,33
98,40
98,49
98,61
98,89
98,90
98,91
98,106
98,113
98,120
98,126
98,132
98,134
98,141
98,145
98,148
98,149
98,157
98,160
98,164
98,166
98,167
98,175
98,177
98,186
98,187
98,197
98,204
98,207
98,212
98,238
98,245
99,34
99,36
99,44
99,47
99,51
99,53
99,57
99,75
99,89
99,97
99,139
99,161
99,181
99,198
99,233
99,245
100,19
100,35
100,82
100,91
100,102
100,103
100,104
100,105
100,106
100,108
100,112
100,113
100,120
100,126
100,129
100,132
100,135
100,141
100,148
100,149
100,156
100,160
100,167
100,174
100,175
100,189
100,190
100,207
100,214
100,215
100,218
100,231
100,238
100,250
101,48
101,51
101,53
101,59
101,65
101,75
101,84
101,86
101,89
101,96
101,108
101,121
101,129
101,139
101,143
101,163
101,185
101,208
101,209
101,213
101,244
102,42
102,43
102,49
102,66
102,73
102,82
102,96
102,100
102,104
102,105
102,106
102,110
102,120
102,130
102,132
102,134
102,148
102,149
102,150
102,156
102,157
102,158
102,160
102,167
102,174
102,175
102,183
102,186
102,190
102,197
102,201
102,207
102,215
102,220
102,245
102,246
103,0
103,18
103,20
103,22
103,32
103,37
103,47
103,53
103,61
103,66
103,69
103,71
103,72
103,77
103,91
103,99
103,100
103,104
103,105
103,106
103,108
103,117
103,119
103,124
103,126
103,130
103,131
103,132
103,133
103,134
103,137
103,150
103,151
103,152
103,158
103,160
103,161
103,165
103,167
103,168
103,178
103,184
103,187
103,188
103,191
103,193
103,201
103,206
103,212
103,218
103,220
103,222
103,232
103,233
103,236
103,238
103,240
103,241
103,250
103,254
104,22
104,49
104,55
104,61
104,72
104,77
104,86
104,88
104,100
104,102
104,103
104,105
104,128
104,132
104,141
104,151
104,157
104,159
104,160
104,162
104,175
104,178
104,181
104,197
104,204
104,215
104,218
104,220
104,238
104,245
104,250
105,1
105,16
105,25
105,30
105,37
105,51
105,61
105,71
105,75
105,82
105,94
105,96
105,100
105,102
105,103
105,104
105,109
105,112
105,121
105,124
105,129
105,132
105,134
105,135
105,136
105,141
105,145
105,148
105,149
105,155
105,160
105,161
105,162
105,175
105,176
105,178
105,179
105,191
105,195
105,198
105,207
105,217
105,218
105,219
105,224
105,231
105,232
105,252
105,254
106,0
106,3
106,11
106,12
106,29
106,37
106,60
106,67
106,76
106,90
106,91
106,97
106,98
106,100
106,102
106,103
106,121
106,124
106,130
106,131
106,138
106,142
106,156
106,158
106,167
106,182
106,184
106,187
106,190
106,195
106,196
106,198
106,204
106,205
106,206
106,212
106,216
106,218
106,223
106,238
106,245
106,250
106,254
107,7
107,41
107,49
107,50
107,58
107,62
107,63
107,64
107,75
107,76
107,81
107,84
107,85
107,86
107,89
107,90
107,96
107,97
107,115
107,117
107,119
107,120
107,129
107,136
107,137
107,138
107,145
107,161
107,166
107,168
107,176
107,181
107,193
107,203
107,213
107,217
107,223
107,228
107,242
107,244
108,0
108,41
108,54
108,68
108,83
108,96
108,100
108,101
108,114
108,133
108,136
108,139
108,152
108,176
108,184
108,203
108,216
108,228
108,230
108,238
108,248
108,249
109,47
109,82
109,105
109,115
109,126
109,127
109,130
109,134
109,135
109,138
109,148
109,160
109,167
109,175
109,176
109,185
109,191
109,207
109,212
109,223
109,224
109,231
109,238
109,254
110,2
110,9
110,11
110,15
110,21
110,22
110,45
110,49
110,50
110,51
110,64
110,65
110,75
110,79
110,85
110,89
110,114
110,121
110,136
110,138
110,152
110,195
110,196
110,198
110,219
110,229
112,0
112,37
112,38
112,41
112,47
112,54
112,72
112,90
112,100
112,105
112,110
112,125
112,130
112,132
112,134
112,138
112,147
112,155
112,156
112,161
112,167
112,182
112,184
112,186
112,187
112,206
112,218
112,222
112,224
112,243
112,254
113,0
113,12
113,13
113,15
113,16
113,28
113,30
113,33
113,37
113,38
113,40
113,43
113,44
113,46
113,47
113,54
113,58
113,60
113,61
113,63
113,65
113,71
113,72
113,75
113,79
113,86
113,88
113,90
113,94
113,96
113,98
113,100
113,107
113,114
113,118
113,120
113,121
113,122
113,125
113,126
113,127
113,130
113,132
113,133
113,138
113,144
113,146
113,147
113,148
113,150
113,156
113,160
113,162
113,163
113,165
113,168
113,170
113,175
113,178
113,179
113,182
113,183
113,184
113,185
113,187
113,188
113,190
113,195
113,197
113,198
113,206
113,210
113,216
113,218
113,220
113,227
113,229
113,230
113,236
113,239
113,241
113,242
113,248
113,250
113,252
113,254
114,0
114,3
114,15
114,16
114,17
114,19
114,27
114,29
114,31
114,43
114,44
114,49
114,51
114,58
114,63
114,75
114,80
114,97
114,108
114,110
114,116
114,120
114,121
114,137
114,154
114,166
114,177
114,181
114,199
114,200
114,209
114,217
114,242
115,8
115,9
115,12
115,13
115,21
115,22
115,25
115,30
115,33
115,34
115,38
115,40
115,42
115,44
115,45
115,46
115,47
115,48
115,50
115,51
115,58
115,62
115,63
115,64
115,65
115,70
115,71
115,74
115,75
115,76
115,79
115,80
115,84
115,94
115,96
115,107
115,109
115,119
115,122
115,143
115,153
115,155
115,170
115,180
115,195
115,199
115,204
115,218
115,230
115,234
115,241
115,242
115,244
115,247
115,250
116,2
116,3
116,5
116,6
116,8
116,10
116,12
116,13
116,15
116,16
116,17
116,18
116,20
116,24
116,25
116,27
116,28
116,29
116,35
116,36
116,42
116,55
116,57
116,79
116,114
116,122
116,123
116,153
116,187
116,192
116,194
116,209
116,226
116,227
116,233
116,234
116,239
117,11
117,28
117,49
117,50
117,51
117,56
117,62
117,74
117,96
117,97
117,103
117,107
117,129
117,130
117,135
117,144
117,146
117,155
117,164
117,170
117,171
117,174
117,179
117,190
117,191
117,193
117,199
117,216
117,217
117,223
117,230
117,244
118,3
118,5
118,10
118,11
118,12
118,17
118,19
118,21
118,26
118,28
118,29
118,30
118,34
118,36
118,37
118,39
118,40
118,41
118,45
118,46
118,47
118,57
118,58
118,60
118,63
118,64
118,65
118,70
118,71
118,72
118,73
118,76
118,79
118,81
118,83
118,87
118,91
118,92
118,95
118,96
118,98
118,99
118,104
118,106
118,107
118,109
118,110
118,113
118,119
118,126
118,127
118,129
118,130
118,132
118,134
118,135
118,143
118,148
118,149
118,150
118,152
118,160
118,161
118,162
118,164
118,170
118,180
118,182
118,183
118,185
118,187
118,188
118,191
118,192
118,193
118,198
118,199
118,200
118,201
118,203
118,204
118,206
118,209
118,211
118,213
118,218
118,223
118,224
118,226
118,228
118,229
118,233
118,236
118,238
118,244
118,248
118,250
118,252
118,253
118,255
119,7
119,13
119,18
119,23
119,29
119,33
119,34
119,36
119,47
119,53
119,65
119,85
119,96
119,107
119,111
119,115
119,121
119,129
119,134
119,136
119,138
119,163
119,193
119,223
119,227
119,228
119,241
119,244
119,249
120,1
120,2
120,3
120,21
120,23
120,30
120,33
120,38
120,44
120,49
120,53
120,61
120,70
120,75
120,76
120,79
120,84
120,85
120,89
120,91
120,92
120,98
120,100
120,102
120,107
120,114
120,131
120,134
120,136
120,138
120,146
120,153
120,155
120,158
120,164
120,165
120,170
120,173
120,177
120,180
120,183
120,202
120,204
120,212
120,213
120,222
120,235
120,244
120,245
120,246
121,53
121,101
121,139
121,163
121,166
121,181
121,204
121,207
121,217
121,242
121,245
121,253
122,6
122,18
122,19
122,27
122,28
122,39
122,47
122,49
122,64
122,115
122,116
122,133
122,143
122,170
122,177
122,192
122,209
122,214
122,226
122,244
123,8
123,11
123,12
123,13
123,21
123,26
123,29
123,30
123,39
123,40
123,64
123,84
123,116
123,143
123,145
123,154
123,172
123,180
123,192
123,194
123,196
123,205
123,221
123,233
123,234
124,40
124,47
124,72
124,73
124,96
124,98
124,103
124,105
124,106
124,121
124,125
124,130
124,132
124,136
124,137
124,142
124,145
124,148
124,149
124,157
124,159
124,161
124,167
124,168
124,175
124,188
124,191
124,197
124,204
124,210
124,215
124,220
124,224
124,236
124,246
124,250
124,254
125,42
125,49
125,60
125,69
125,72
125,78
125,82
125,112
125,113
125,121
125,127
125,128
125,129
125,130
125,135
125,141
125,148
125,151
125,157
125,160
125,162
125,179
125,207
125,240
125,254
126,2
126,25
126,43
126,49
126,55
126,71
126,81
126,90
126,98
126,100
126,103
126,109
126,113
126,130
126,132
126,133
126,135
126,141
126,142
126,148
126,156
126,162
126,175
126,176
126,178
126,187
126,197
126,201
126,204
126,207
126,210
126,212
126,218
126,219
126,223
126,224
126,236
126,238
126,243
126,245
126,254
127,0
127,2
127,6
127,9
127,11
127,21
127,26
127,30
127,33
127,37
127,41
127,42
127,43
127,47
127,54
127,58
127,76
127,77
127,81
127,99
127,107
127,109
127,113
127,118
127,122
127,125
127,130
127,134
127,150
127,151
127,155
127,168
127,171
127,178
127,184
127,191
127,193
127,198
127,206
127,213
127,218
127,219
127,227
127,229
127,239
127,250
128,32
128,84
128,89
128,90
128,97
128,104
128,125
128,132
128,134
128,138
128,148
128,149
128,156
128,157
128,160
128,165
128,175
128,182
128,193
128,198
128,201
128,207
128,210
128,213
128,216
128,218
128,236
128,245
129,0
129,3
129,5
129,12
129,15
129,22
129,29
129,33
129,37
129,42
129,44
129,48
129,51
129,61
129,70
129,71
129,75
129,76
129,79
129,83
129,84
129,86
129,94
129,96
129,100
129,101
129,105
129,107
129,117
129,119
129,125
129,130
129,152
129,162
129,170
129,176
129,184
129,188
129,191
129,195
129,198
129,206
129,213
129,218
129,219
129,224
129,225
129,230
129,235
129,236
129,242
129,247
129,250
129,251
130,0
130,19
130,22
130,60
130,65
130,82
130,88
130,89
130,90
130,91
130,97
130,102
130,103
130,104
130,106
130,108
130,109
130,110
130,112
130,117
130,126
130,127
130,129
130,132
130,134
130,135
130,141
130,156
130,164
130,167
130,174
130,175
130,176
130,179
130,183
130,184
130,185
130,188
130,191
130,206
130,207
130,212
130,213
130,216
130,217
130,224
130,231
130,236
130,250
130,252
130,253
131,49
131,66
131,67
131,103
131,106
131,120
131,141
131,142
131,148
131,151
131,160
131,179
131,187
131,210
131,212
131,220
131,232
131,238
131,245
131,252
132,0
132,46
132,60
132,72
132,73
132,77
132,83
132,88
132,91
132,98
132,100
132,102
132,103
132,104
132,105
132,112
132,113
132,124
132,125
132,126
132,128
132,130
132,131
132,134
132,138
132,142
132,149
132,150
132,155
132,158
132,161
132,162
132,163
132,167
132,168
132,175
132,183
132,184
132,186
132,190
132,204
132,206
132,212
132,215
132,216
132,218
132,222
132,223
132,224
132,225
132,236
132,243
132,250
132,255
133,34
133,36
133,44
133,58
133,63
133,87
133,108
133,122
133,143
133,186
133,233
133,244
134,49
134,71
134,82
134,83
134,88
134,89
134,90
134,98
134,102
134,103
134,105
134,109
134,112
134,119
134,120
134,127
134,128
134,132
134,135
134,144
134,148
134,149
134,155
134,156
134,157
134,158
134,160
134,162
134,164
134,167
134,176
134,190
134,202
134,207
134,212
134,242
134,254
135,0
135,11
135,37
135,38
135,43
135,46
135,53
135,54
135,59
135,62
135,63
135,72
135,75
135,76
135,79
135,83
135,84
135,94
135,100
135,105
135,109
135,117
135,121
135,125
135,126
135,130
135,133
135,134
135,138
135,150
135,162
135,163
135,165
135,168
135,169
135,176
135,178
135,182
135,184
135,186
135,188
135,195
135,198
135,206
135,225
135,233
135,243
135,247
135,248
135,249
135,250
135,254
136,4
136,5
136,7
136,9
136,11
136,12
136,15
136,28
136,29
136,30
136,33
136,36
136,37
136,40
136,41
136,42
136,43
136,45
136,47
136,51
136,53
136,58
136,61
136,63
136,65
136,67
136,75
136,79
136,83
136,84
136,87
136,92
136,94
136,99
136,105
136,107
136,108
136,110
136,114
136,119
136,120
136,121
136,122
136,124
136,155
136,158
136,163
136,170
136,182
136,186
136,188
136,195
136,204
136,205
136,206
136,208
136,209
136,213
136,218
136,225
136,227
136,229
136,230
136,233
136,239
136,242
136,243
136,244
136,248
137,8
137,11
137,20
137,21
137,23
137,25
137,28
137,29
137,33
137,34
137,36
137,37
137,38
137,39
137,41
137,44
137,50
137,51
137,53
137,54
137,56
137,58
137,59
137,60
137,61
137,65
137,66
137,69
137,72
137,74
137,75
137,78
137,79
137,83
137,86
137,90
137,91
137,96
137,97
137,98
137,103
137,104
137,107
137,109
137,112
137,114
137,119
137,121
137,124
137,125
137,131
137,138
137,143
137,152
137,153
137,155
137,157
137,159
137,160
137,162
137,163
137,165
137,166
137,167
137,170
137,177
137,178
137,180
137,182
137,183
137,186
137,188
137,190
137,191
137,195
137,196
137,200
137,201
137,202
137,204
137,206
137,209
137,213
137,222
137,224
137,227
137,229
137,230
137,234
137,235
137,236
137,238
137,240
137,241
137,247
137,250
137,252
137,254
138,53
138,65
138,83
138,110
138,168
138,199
138,219
138,241
139,0
139,1
139,2
139,3
139,4
139,5
139,6
139,7
139,9
139,11
139,12
139,13
139,15
139,16
139,17
139,21
139,22
139,24
139,29
139,32
139,36
139,37
139,38
139,42
139,43
139,44
139,45
139,47
139,48
139,51
139,61
139,62
139,63
139,65
139,75
139,76
139,83
139,84
139,86
139,87
139,92
139,94
139,96
139,99
139,101
139,108
139,114
139,121
139,122
139,123
139,143
139,152
139,161
139,165
139,170
139,177
139,178
139,187
139,192
139,194
139,195
139,196
139,205
139,208
139,213
139,221
139,230
139,233
139,242
139,248
140,25
140,31
140,35
140,154
140,189
140,211
140,214
140,235
141,0
141,22
141,60
141,65
141,73
141,98
141,100
141,104
141,105
141,125
141,126
141,130
141,131
141,171
141,184
141,186
141,188
141,218
141,231
141,245
142,28
142,37
142,39
142,59
142,69
142,73
142,106
142,121
142,122
142,124
142,131
142,132
142,145
142,155
142,159
142,167
142,175
142,178
142,188
142,193
142,198
142,200
142,204
142,210
142,215
142,218
142,223
142,240
142,243
142,246
142,250
142,252
142,254
143,1
143,12
143,17
143,18
143,21
143,22
143,25
143,28
143,29
143,30
143,32
143,34
143,36
143,38
143,41
143,42
143,43
143,44
143,45
143,47
143,48
143,57
143,61
143,63
143,64
143,70
143,83
143,92
143,99
143,101
143,115
143,118
143,122
143,123
143,133
143,137
143,139
143,145
143,166
143,170
143,171
143,180
143,181
143,192
143,193
143,195
143,196
143,205
143,209
143,213
143,221
143,229
143,239
143,244
143,248
143,251
144,28
144,32
144,33
144,36
144,42
144,45
144,48
144,51
144,62
144,63
144,65
144,70
144,83
144,84
144,86
144,87
144,90
144,92
144,94
144,96
144,97
144,99
144,107
144,113
144,117
144,119
144,121
144,122
144,134
144,143
144,170
144,179
144,180
144,187
144,193
144,195
144,196
144,199
144,201
144,204
144,213
144,216
144,218
144,227
144,229
144,233
144,241
144,248
144,253
145,23
145,25
145,26
145,28
145,30
145,31
145,34
145,37
145,39
145,40
145,41
145,44
145,48
145,51
145,56
145,59
145,64
145,72
145,74
145,75
145,76
145,83
145,84
145,86
145,91
145,94
145,98
145,105
145,107
145,123
145,124
145,142
145,143
145,152
145,157
145,168
145,178
145,211
145,218
145,222
145,224
145,234
145,246
145,247
145,248
145,250
145,253
146,0
146,4
146,8
146,11
146,12
146,22
146,23
146,25
146,28
146,29
146,30
146,37
146,39
146,40
146,42
146,50
146,57
146,61
146,76
146,79
146,83
146,90
146,92
146,94
146,96
146,107
146,113
146,117
146,118
146,119
146,120
146,123
146,138
146,143
146,155
146,159
146,165
146,166
146,168
146,170
146,171
146,173
146,179
146,180
146,182
146,184
146,185
146,188
146,190
146,191
146,195
146,196
146,198
146,200
146,206
146,216
146,223
146,225
146,227
146,230
146,236
146,238
146,239
146,242
146,243
146,246
146,248
146,252
146,254
147,0
147,1
147,3
147,8
147,11
147,12
147,15
147,20
147,22
147,25
147,30
147,32
147,33
147,34
147,36
147,39
147,40
147,41
147,47
147,49
147,50
147,54
147,56
147,60
147,61
147,62
147,63
147,67
147,69
147,70
147,72
147,73
147,77
147,90
147,92
147,95
147,98
147,104
147,105
147,106
147,107
147,108
147,109
147,112
147,113
147,119
147,120
147,121
147,124
147,125
147,126
147,128
147,130
147,132
147,134
147,148
147,151
147,152
147,158
147,160
147,161
147,162
147,163
147,164
147,165
147,167
147,168
147,170
147,176
147,178
147,182
147,184
147,185
147,186
147,187
147,188
147,190
147,191
147,195
147,199
147,200
147,201
147,204
147,206
147,212
147,216
147,218
147,219
147,222
147,224
147,227
147,229
147,231
147,236
147,238
147,243
147,245
147,249
147,250
147,254
147,255
148,0
148,23
148,37
148,49
148,54
148,58
148,61
148,68
148,69
148,71
148,73
148,89
148,90
148,98
148,99
148,100
148,102
148,105
148,109
148,113
148,124
148,125
148,126
148,128
148,131
148,134
148,149
148,162
148,182
148,184
148,186
148,191
148,197
148,201
148,213
148,215
148,218
148,222
148,224
148,230
148,236
148,240
148,243
148,245
148,250
149,0
149,33
149,36
149,42
149,43
149,53
149,60
149,62
149,63
149,71
149,72
149,73
149,86
149,94
149,96
149,98
149,100
149,102
149,105
149,124
149,128
149,132
149,134
149,148
149,150
149,151
149,152
149,157
149,165
149,184
149,186
149,187
149,188
149,191
149,197
149,206
149,213
149,215
149,220
149,224
149,225
149,226
149,227
149,230
150,0
150,4
150,19
150,30
150,32
150,36
150,55
150,60
150,61
150,66
150,72
150,76
150,85
150,90
150,98
150,102
150,103
150,110
150,113
150,126
150,127
150,132
150,135
150,149
150,157
150,160
150,175
150,184
150,186
150,194
150,197
150,200
150,212
150,218
150,223
150,230
150,236
150,242
151,1
151,11
151,20
151,34
151,69
151,71
151,73
151,95
151,103
151,104
151,119
151,125
151,127
151,131
151,142
151,147
151,149
151,163
151,165
151,188
151,204
151,216
151,220
151,231
151,245
151,247
151,252
151,255
152,0
152,41
152,50
152,51
152,75
152,90
152,96
152,108
152,129
152,139
152,145
152,168
152,184
152,194
152,198
152,228
152,233
152,243
152,244
153,1
153,5
153,10
153,31
153,56
153,120
153,154
153,172
153,192
153,214
153,235
153,244
154,2
154,5
154,8
154,11
154,12
154,13
154,15
154,16
154,17
154,20
154,24
154,28
154,29
154,30
154,36
154,57
154,114
154,123
154,153
154,172
154,180
154,194
154,196
154,205
154,211
154,226
154,234
154,235
154,239
154,244
154,251
155,28
155,34
155,37
155,41
155,44
155,47
155,49
155,89
155,112
155,115
155,117
155,120
155,127
155,132
155,134
155,136
155,142
155,146
155,161
155,171
155,174
155,175
155,176
155,179
155,181
155,190
155,201
155,210
155,214
155,215
155,236
155,238
155,241
155,254
156,0
156,2
156,8
156,28
156,30
156,33
156,34
156,37
156,38
156,41
156,42
156,43
156,46
156,48
156,50
156,53
156,60
156,61
156,63
156,65
156,66
156,67
156,69
156,73
156,76
156,78
156,79
156,81
156,83
156,84
156,90
156,94
156,99
156,100
156,101
156,102
156,106
156,112
156,113
156,121
156,122
156,126
156,130
156,134
156,149
156,160
156,161
156,165
156,166
156,167
156,170
156,176
156,182
156,183
156,184
156,186
156,187
156,190
156,194
156,195
156,197
156,199
156,204
156,206
156,213
156,220
156,222
156,223
156,226
156,227
156,232
156,236
156,238
156,239
156,242
156,243
156,247
156,250
156,254
156,255
157,0
157,1
157,5
157,6
157,8
157,10
157,12
157,13
157,15
157,16
157,17
157,20
157,21
157,22
157,23
157,24
157,25
157,28
157,29
157,33
157,34
157,36
157,37
157,38
157,39
157,40
157,41
157,42
157,43
157,45
157,48
157,50
157,51
157,53
157,54
157,55
157,56
157,57
157,58
157,59
157,60
157,61
157,62
157,63
157,64
157,65
157,70
157,71
157,72
157,73
157,74
157,75
157,76
157,79
157,81
157,83
157,84
157,86
157,87
157,90
157,91
157,92
157,93
157,94
157,96
157,98
157,99
157,101
157,102
157,104
157,107
157,108
157,109
157,110
157,113
157,118
157,119
157,120
157,121
157,122
157,123
157,124
157,125
157,128
157,130
157,133
157,134
157,138
157,144
157,145
157,149
157,150
157,152
157,154
157,155
157,158
157,159
157,162
157,163
157,165
157,168
157,170
157,174
157,176
157,178
157,181
157,182
157,184
157,185
157,186
157,187
157,188
157,190
157,191
157,194
157,195
157,196
157,197
157,200
157,201
157,204
157,206
157,213
157,214
157,215
157,216
157,218
157,221
157,222
157,224
157,225
157,226
157,227
157,229
157,230
157,231
157,233
157,235
157,236
157,238
157,239
157,241
157,243
157,246
157,247
157,248
157,250
157,252
157,254
158,82
158,86
158,89
158,90
158,102
158,106
158,120
158,134
158,136
158,157
158,160
158,162
158,167
158,174
158,175
158,181
158,197
158,199
158,204
158,212
159,23
159,85
159,89
159,142
159,146
159,166
159,173
159,175
159,176
159,179
159,181
159,183
159,202
159,204
159,206
159,207
159,231
159,247
160,3
160,46
160,50
160,58
160,91
160,94
160,98
160,100
160,102
160,103
160,104
160,105
160,109
160,125
160,128
160,130
160,131
160,134
160,137
160,150
160,156
160,158
160,162
160,167
160,176
160,197
160,206
160,210
160,212
160,222
160,223
160,231
160,245
160,254
160,255
161,8
161,10
161,12
161,22
161,25
161,33
161,34
161,39
161,41
161,42
161,44
161,45
161,47
161,48
161,53
161,57
161,70
161,74
161,75
161,76
161,81
161,83
161,84
161,89
161,94
161,99
161,100
161,103
161,107
161,112
161,115
161,129
161,132
161,139
161,155
161,156
161,167
161,168
161,174
161,176
161,180
161,187
161,191
161,195
161,198
161,206
161,215
161,218
161,227
161,238
161,241
161,242
161,245
161,254
162,88
162,90
162,100
162,104
162,105
162,109
162,113
162,125
162,126
162,129
162,130
162,132
162,134
162,135
162,148
162,155
162,157
162,158
162,160
162,164
162,175
162,179
162,183
162,191
162,197
162,201
162,212
162,223
162,224
162,250
163,1
163,43
163,48
163,50
163,75
163,76
163,84
163,87
163,97
163,101
163,121
163,168
163,170
163,186
163,204
163,241
163,245
163,254
164,0
164,2
164,12
164,16
164,17
164,21
164,22
164,24
164,25
164,29
164,30
164,33
164,39
164,42
164,46
164,47
164,48
164,51
164,60
164,62
164,63
164,70
164,82
164,86
164,90
164,94
164,96
164,97
164,98
164,101
164,107
164,109
164,110
164,114
164,117
164,118
164,120
164,121
164,130
164,134
164,143
164,147
164,153
164,161
164,162
164,165
164,170
164,178
164,180
164,182
164,185
164,190
164,192
164,194
164,195
164,196
164,202
164,204
164,205
164,209
164,213
164,214
164,216
164,222
164,224
164,227
164,242
164,248
164,250
164,251
164,253
165,10
165,37
165,108
165,120
165,139
165,164
165,185
165,207
165,215
165,228
166,23
166,28
166,30
166,33
166,34
166,37
166,39
166,42
166,44
166,45
166,51
166,53
166,65
166,75
166,76
166,81
166,85
166,86
166,89
166,94
166,97
166,98
166,107
166,114
166,121
166,137
166,143
166,146
166,156
166,173
166,177
166,181
166,194
166,195
166,200
166,202
166,215
166,217
166,233
166,244
167,22
167,32
167,37
167,60
167,67
167,72
167,73
167,89
167,90
167,95
167,98
167,99
167,100
167,102
167,103
167,106
167,109
167,112
167,124
167,130
167,132
167,134
167,137
167,142
167,156
167,158
167,160
167,178
167,179
167,197
167,204
167,210
167,212
167,215
167,218
167,220
167,222
167,238
167,245
167,246
167,249
167,254
168,22
168,23
168,28
168,43
168,61
168,62
168,70
168,76
168,86
168,90
168,103
168,107
168,108
168,124
168,127
168,132
168,135
168,138
168,145
168,146
168,152
168,161
168,163
168,174
168,179
168,183
168,187
168,195
168,196
168,207
168,215
168,218
168,219
168,228
169,30
169,41
169,47
169,61
169,69
169,78
169,80
169,110
169,173
169,177
169,200
169,252
170,27
170,29
170,42
170,58
170,63
170,84
170,87
170,97
170,106
170,115
170,117
170,118
170,120
170,122
170,136
170,139
170,143
170,146
170,147
170,156
170,157
170,163
170,165
170,179
170,192
170,195
170,196
170,198
170,203
170,217
170,219
170,225
170,228
170,241
170,245
170,247
170,249
170,254
171,1
171,2
171,3
171,4
171,6
171,12
171,16
171,17
171,20
171,21
171,22
171,23
171,24
171,25
171,26
171,28
171,29
171,32
171,41
171,42
171,44
171,55
171,62
171,87
171,114
171,117
171,122
171,123
171,127
171,141
171,143
171,146
171,155
171,161
171,180
171,185
171,203
171,205
171,206
171,218
171,227
171,231
171,236
171,241
171,248
171,251
171,252
171,253
172,1
172,4
172,5
172,6
172,8
172,12
172,13
172,17
172,22
172,26
172,27
172,30
172,31
172,36
172,39
172,40
172,48
172,55
172,57
172,61
172,64
172,123
172,153
172,154
172,180
172,192
172,194
172,205
172,211
172,214
172,227
172,234
172,235
172,239
172,244
172,248
173,30
173,53
173,79
173,80
173,85
173,89
173,92
173,120
173,159
173,166
173,169
173,178
173,179
173,181
173,202
173,213
173,216
173,229
173,239
174,6
174,15
174,26
174,27
174,117
174,118
174,122
174,201
174,216
174,230
175,13
175,17
175,26
175,33
175,34
175,37
175,40
175,41
175,54
175,60
175,61
175,62
175,63
175,72
175,73
175,75
175,79
175,87
175,91
175,94
175,98
175,100
175,102
175,104
175,105
175,108
175,109
175,113
175,124
175,126
175,128
175,130
175,132
175,142
175,150
175,152
175,155
175,158
175,159
175,162
175,176
175,177
175,179
175,181
175,182
175,186
175,191
175,195
175,197
175,200
175,202
175,204
175,216
175,223
175,227
175,229
175,234
175,235
175,242
175,243
175,248
175,250
175,253
176,3
176,8
176,24
176,27
176,32
176,45
176,48
176,57
176,88
176,94
176,105
176,107
176,108
176,109
176,126
176,129
176,134
176,135
176,155
176,156
176,159
176,160
176,161
176,175
176,188
176,192
176,206
176,207
176,211
176,215
176,218
176,224
176,229
176,231
176,242
176,250
177,1
177,10
177,16
177,30
177,48
177,56
177,98
177,114
177,116
177,120
177,180
177,200
177,209
177,234
177,244
177,251
178,2
178,33
178,37
178,49
178,50
178,53
178,54
178,65
178,69
178,79
178,86
178,90
178,94
178,104
178,107
178,110
178,119
178,121
178,138
178,139
178,145
178,147
178,152
178,161
178,164
178,170
178,173
178,185
178,187
178,195
178,199
178,201
178,203
178,213
178,223
178,248
178,253
178,255
179,23
179,28
179,37
179,53
179,54
179,67
179,71
179,76
179,81
179,83
179,85
179,90
179,105
179,108
179,117
179,125
179,130
179,131
179,144
179,146
179,155
179,159
179,162
179,166
179,167
179,168
179,170
179,173
179,175
179,178
179,182
179,186
179,188
179,193
179,202
179,204
179,206
179,215
179,222
179,224
179,236
179,250
180,4
180,5
180,11
180,13
180,16
180,17
180,21
180,24
180,25
180,26
180,28
180,29
180,30
180,33
180,36
180,39
180,41
180,42
180,43
180,44
180,45
180,47
180,48
180,56
180,57
180,63
180,64
180,75
180,83
180,84
180,87
180,97
180,101
180,115
180,118
180,120
180,123
180,143
180,154
180,161
180,171
180,172
180,177
180,187
180,192
180,203
180,229
180,234
180,235
180,239
180,244
180,245
180,248
181,26
181,33
181,37
181,44
181,51
181,55
181,67
181,73
181,79
181,80
181,85
181,87
181,90
181,99
181,104
181,107
181,114
181,121
181,143
181,155
181,158
181,159
181,166
181,173
181,175
181,177
181,182
181,186
181,187
181,188
181,195
181,198
181,200
181,202
181,213
181,229
181,231
181,234
181,239
181,244
182,18
182,49
182,74
182,108
182,136
182,164
182,165
182,174
182,175
182,181
182,185
182,238
183,0
183,4
183,12
183,16
183,20
183,23
183,25
183,28
183,30
183,32
183,33
183,34
183,36
183,37
183,38
183,40
183,41
183,42
183,43
183,47
183,53
183,54
183,57
183,58
183,59
183,60
183,61
183,63
183,66
183,67
183,68
183,69
183,72
183,73
183,75
183,76
183,77
183,78
183,79
183,80
183,83
183,84
183,86
183,87
183,90
183,91
183,94
183,98
183,99
183,101
183,102
183,104
183,105
183,107
183,108
183,109
183,112
183,113
183,120
183,123
183,124
183,125
183,130
183,131
183,132
183,138
183,142
183,145
183,150
183,152
183,155
183,156
183,157
183,158
183,159
183,160
183,161
183,163
183,165
183,166
183,168
183,170
183,172
183,173
183,177
183,178
183,180
183,182
183,184
183,186
183,187
183,188
183,190
183,194
183,195
183,196
183,198
183,200
183,201
183,202
183,206
183,212
183,216
183,218
183,219
183,220
183,222
183,223
183,224
183,225
183,229
183,231
183,232
183,233
183,236
183,238
183,239
183,240
183,241
183,242
183,243
183,245
183,246
183,248
183,249
183,250
183,253
183,254
183,255
184,0
184,2
184,4
184,6
184,11
184,12
184,13
184,16
184,19
184,22
184,29
184,33
184,34
184,36
184,37
184,38
184,39
184,40
184,41
184,43
184,45
184,47
184,49
184,50
184,58
184,61
184,62
184,63
184,65
184,70
184,75
184,76
184,79
184,81
184,83
184,84
184,87
184,90
184,94
184,96
184,97
184,103
184,106
184,107
184,108
184,110
184,114
184,119
184,127
184,129
184,132
184,133
184,135
184,138
184,141
184,146
184,147
184,152
184,153
184,163
184,168
184,170
184,174
184,180
184,187
184,188
184,191
184,195
184,199
184,205
184,207
184,210
184,214
184,218
184,219
184,227
184,229
184,230
184,236
184,239
184,241
184,243
184,247
184,248
184,249
185,0
185,3
185,4
185,5
185,6
185,7
185,9
185,11
185,12
185,13
185,15
185,16
185,17
185,18
185,19
185,20
185,22
185,24
185,26
185,28
185,29
185,32
185,37
185,38
185,43
185,45
185,47
185,50
185,53
185,54
185,58
185,61
185,62
185,63
185,65
185,70
185,76
185,79
185,81
185,83
185,84
185,86
185,92
185,94
185,96
185,97
185,99
185,101
185,114
185,119
185,120
185,122
185,138
185,143
185,146
185,163
185,165
185,170
185,174
185,177
185,178
185,180
185,182
185,188
185,190
185,193
185,194
185,195
185,198
185,205
185,206
185,209
185,213
185,216
185,218
185,219
185,225
185,227
185,229
185,233
185,236
185,243
185,247
185,248
185,250
185,254
186,1
186,47
186,49
186,50
186,60
186,82
186,89
186,91
186,98
186,102
186,112
186,133
186,135
186,136
186,137
186,141
186,148
186,149
186,156
186,157
186,163
186,175
186,179
186,181
186,183
186,197
186,201
186,204
186,207
186,210
186,212
186,215
186,232
186,245
187,31
187,33
187,36
187,43
187,51
187,75
187,97
187,98
187,116
187,139
187,181
188,11
188,49
188,66
188,121
188,129
188,135
188,136
188,141
188,142
188,146
188,149
188,174
188,176
188,181
188,185
188,217
188,238
188,254
188,255
189,35
189,60
189,71
189,87
189,100
189,140
189,214
190,3
190,11
190,20
190,23
190,28
190,33
190,37
190,38
190,40
190,43
190,49
190,76
190,94
190,96
190,100
190,102
190,106
190,117
190,132
190,134
190,146
190,155
190,164
190,170
190,174
190,183
190,185
190,187
190,191
190,195
190,198
190,201
190,206
190,210
190,227
190,229
190,233
190,240
190,241
190,242
190,248
190,252
191,65
191,88
191,103
191,107
191,108
191,117
191,127
191,129
191,146
191,161
191,173
191,175
191,182
191,187
191,190
191,198
191,207
191,218
191,247
191,252
192,5
192,8
192,12
192,15
192,17
192,19
192,27
192,28
192,29
192,31
192,39
192,43
192,48
192,56
192,57
192,58
192,61
192,64
192,116
192,122
192,123
192,139
192,143
192,153
192,170
192,172
192,176
192,180
192,196
192,234
192,235
192,251
193,10
193,15
193,16
193,18
193,20
193,25
193,30
193,32
193,38
193,39
193,44
193,45
193,47
193,59
193,64
193,66
193,67
193,75
193,76
193,97
193,117
193,119
193,127
193,142
193,143
193,144
193,179
193,185
193,207
193,248
194,4
194,8
194,11
194,12
194,16
194,21
194,24
194,25
194,27
194,31
194,32
194,39
194,40
194,45
194,57
194,64
194,116
194,150
194,152
194,154
194,185
194,205
194,211
194,221
194,226
194,233
194,246
195,44
195,48
195,74
195,75
195,84
195,87
195,89
195,97
195,115
195,117
195,120
195,129
195,139
195,144
195,166
195,173
195,181
195,199
195,213
195,217
196,13
196,18
196,22
196,24
196,25
196,28
196,29
196,31
196,38
196,39
196,42
196,43
196,44
196,47
196,48
196,55
196,56
196,57
196,63
196,64
196,70
196,75
196,87
196,110
196,123
196,139
196,143
196,146
196,154
196,170
196,192
196,213
196,233
196,251
196,253
197,11
197,14
197,19
197,36
197,40
197,60
197,62
197,65
197,79
197,82
197,91
197,96
197,98
197,102
197,104
197,113
197,119
197,124
197,126
197,148
197,149
197,150
197,152
197,156
197,157
197,158
197,160
197,162
197,167
197,175
197,186
197,199
197,204
197,223
197,225
197,241
197,243
197,245
197,252
197,254
198,10
198,16
198,26
198,33
198,39
198,44
198,48
198,49
198,50
198,61
198,70
198,75
198,76
198,84
198,99
198,152
198,181
198,227
198,229
198,232
198,238
198,251
198,253
199,2
199,15
199,16
199,42
199,44
199,51
199,53
199,55
199,57
199,63
199,65
199,75
199,76
199,81
199,85
199,97
199,114
199,115
199,117
199,118
199,138
199,158
199,195
199,208
199,239
200,88
200,114
200,142
200,152
200,157
200,166
200,169
200,174
200,175
200,177
200,181
200,229
201,23
201,102
201,103
201,128
201,144
201,155
201,174
201,178
201,186
201,190
201,194
201,212
201,218
201,241
201,249
202,22
202,23
202,28
202,30
202,41
202,43
202,53
202,55
202,64
202,70
202,79
202,80
202,81
202,90
202,92
202,107
202,110
202,112
202,114
202,119
202,120
202,121
202,134
202,152
202,158
202,159
202,162
202,164
202,166
202,168
202,169
202,173
202,175
202,176
202,177
202,181
202,199
202,200
202,204
202,207
202,216
202,217
202,222
202,227
202,229
202,230
202,236
202,242
202,243
202,248
202,252
203,2
203,22
203,37
203,38
203,44
203,50
203,51
203,58
203,62
203,65
203,70
203,75
203,76
203,81
203,83
203,84
203,86
203,87
203,94
203,99
203,107
203,108
203,118
203,143
203,163
203,170
203,174
203,178
203,192
203,196
203,213
203,216
203,219
203,227
203,241
203,244
203,253
204,43
204,49
204,60
204,71
204,74
204,82
204,91
204,98
204,104
204,106
204,115
204,120
204,121
204,126
204,136
204,137
204,142
204,144
204,151
204,156
204,157
204,158
204,159
204,163
204,164
204,175
204,179
204,186
204,197
204,227
204,245
204,254
204,255
205,2
205,16
205,19
205,24
205,29
205,97
205,123
205,143
205,154
205,172
205,194
205,211
205,235
205,239
206,49
206,65
206,106
206,112
206,127
206,129
206,135
206,136
206,146
206,156
206,171
206,174
206,176
206,179
206,183
206,185
206,200
206,210
206,215
206,231
207,0
207,37
207,72
207,98
207,100
207,102
207,105
207,121
207,125
207,126
207,128
207,130
207,133
207,134
207,152
207,159
207,165
207,168
207,176
207,178
207,184
207,186
207,191
207,193
207,202
207,216
207,243
207,250
208,3
208,8
208,10
208,26
208,32
208,64
208,84
208,153
208,199
208,221
208,235
208,244
209,2
209,6
209,13
209,15
209,16
209,17
209,19
209,25
209,26
209,27
209,29
209,31
209,42
209,114
209,116
209,122
209,137
209,205
209,234
209,235
209,239
209,251
210,0
210,3
210,8
210,15
210,25
210,37
210,40
210,54
210,69
210,73
210,81
210,95
210,113
210,124
210,126
210,128
210,131
210,142
210,155
210,160
210,167
210,184
210,186
210,190
210,206
210,216
210,218
210,222
210,229
210,232
210,236
210,238
210,243
210,247
210,249
210,253
211,0
211,2
211,3
211,4
211,6
211,8
211,12
211,13
211,15
211,16
211,17
211,18
211,22
211,24
211,25
211,26
211,28
211,29
211,30
211,32
211,33
211,34
211,38
211,39
211,40
211,42
211,44
211,55
211,57
211,58
211,61
211,63
211,114
211,118
211,123
211,140
211,145
211,154
211,172
211,176
211,194
211,205
211,209
211,226
211,234
211,235
211,239
211,244
211,248
211,251
212,0
212,3
212,19
212,37
212,43
212,47
212,58
212,61
212,62
212,72
212,73
212,74
212,75
212,76
212,79
212,82
212,83
212,86
212,91
212,96
212,98
212,100
212,103
212,105
212,106
212,114
212,120
212,121
212,125
212,126
212,130
212,132
212,133
212,134
212,150
212,152
212,158
212,160
212,162
212,163
212,165
212,167
212,168
212,170
212,178
212,182
212,183
212,184
212,186
212,188
212,191
212,201
212,205
212,206
212,218
212,224
212,241
212,243
212,245
212,248
212,250
212,255
213,3
213,12
213,30
213,36
213,37
213,38
213,42
213,44
213,61
213,63
213,75
213,80
213,83
213,87
213,89
213,94
213,101
213,120
213,129
213,139
213,143
213,144
213,153
213,164
213,173
213,181
213,195
213,196
213,228
213,236
213,241
213,247
214,19
214,25
214,27
214,31
214,35
214,122
214,140
214,153
214,172
214,189
214,226
215,0
215,16
215,17
215,19
215,20
215,22
215,26
215,28
215,29
215,30
215,36
215,42
215,50
215,59
215,60
215,66
215,67
215,70
215,75
215,76
215,83
215,86
215,90
215,91
215,96
215,100
215,102
215,104
215,121
215,123
215,124
215,132
215,142
215,143
215,148
215,149
215,152
215,155
215,157
215,161
215,163
215,165
215,166
215,167
215,168
215,176
215,178
215,179
215,186
215,187
215,192
215,194
215,196
215,205
215,206
215,209
215,216
215,222
215,224
215,233
215,238
215,243
215,246
215,249
215,250
216,10
216,21
216,27
216,85
216,89
216,96
216,108
216,117
216,144
216,164
216,173
216,174
216,175
216,185
216,202
216,203
216,207
216,210
216,215
216,218
216,228
216,238
216,254
217,13
217,22
217,30
217,33
217,37
217,44
217,47
217,50
217,51
217,53
217,60
217,65
217,73
217,75
217,76
217,79
217,88
217,105
217,107
217,114
217,117
217,121
217,130
217,166
217,170
217,188
217,195
217,202
217,223
217,230
217,239
217,242
217,244
218,2
218,49
218,100
218,102
218,103
218,104
218,115
218,117
218,127
218,128
218,129
218,132
218,136
218,141
218,142
218,144
218,145
218,148
218,162
218,167
218,168
218,171
218,176
218,183
218,185
218,191
218,201
218,210
218,216
218,250
218,254
219,26
219,39
219,47
219,50
219,53
219,62
219,65
219,81
219,92
219,97
219,110
219,129
219,138
219,161
219,203
219,245
219,253
220,0
220,8
220,18
220,25
220,33
220,34
220,37
220,41
220,42
220,47
220,54
220,60
220,62
220,65
220,66
220,67
220,70
220,71
220,72
220,73
220,76
220,79
220,81
220,86
220,92
220,94
220,95
220,102
220,103
220,104
220,105
220,108
220,113
220,124
220,126
220,130
220,131
220,134
220,142
220,149
220,156
220,161
220,162
220,165
220,167
220,182
220,183
220,184
220,192
220,199
220,213
220,214
220,218
220,227
220,232
220,236
220,240
220,243
220,252
220,254
220,255
221,21
221,32
221,45
221,58
221,143
221,194
221,214
221,251
222,30
222,34
222,37
222,41
222,49
222,60
222,63
222,66
222,72
222,73
222,76
222,82
222,86
222,90
222,91
222,103
222,104
222,109
222,112
222,120
222,125
222,130
222,137
222,145
222,148
222,156
222,157
222,158
222,160
222,162
222,164
222,167
222,168
222,174
222,179
222,186
222,187
222,190
222,196
222,201
222,204
222,210
222,215
222,224
222,225
222,238
222,245
222,246
222,252
222,253
222,254
223,16
223,29
223,34
223,37
223,43
223,51
223,58
223,70
223,76
223,82
223,106
223,107
223,109
223,117
223,119
223,126
223,132
223,142
223,155
223,160
223,162
223,178
223,197
223,217
223,225
223,233
223,238
223,245
223,250
224,2
224,3
224,4
224,11
224,17
224,19
224,21
224,22
224,32
224,36
224,37
224,38
224,39
224,40
224,50
224,56
224,73
224,79
224,83
224,88
224,90
224,94
224,99
224,101
224,105
224,108
224,109
224,112
224,124
224,126
224,129
224,130
224,132
224,137
224,141
224,145
224,148
224,149
224,152
224,157
224,161
224,162
224,163
224,164
224,170
224,176
224,179
224,182
224,183
224,184
224,185
224,188
224,191
224,201
224,203
224,204
224,212
224,215
224,216
224,218
224,229
224,236
224,246
224,250
224,252
224,254
225,49
225,53
225,79
225,129
225,135
225,136
225,146
225,170
225,174
225,178
225,185
225,199
225,223
225,242
226,1
226,10
226,16
226,19
226,31
226,58
226,116
226,122
226,154
226,211
226,234
226,235
227,10
227,31
227,49
227,75
227,81
227,89
227,116
227,144
227,161
227,171
227,172
227,198
227,204
227,228
227,229
227,232
227,235
228,3
228,8
228,37
228,38
228,50
228,51
228,53
228,59
228,61
228,63
228,65
228,70
228,76
228,79
228,83
228,84
228,86
228,92
228,94
228,96
228,99
228,107
228,108
228,119
228,121
228,133
228,143
228,152
228,163
228,165
228,168
228,170
228,171
228,192
228,195
228,198
228,213
228,216
228,219
228,227
228,230
228,243
228,244
228,249
228,252
229,23
229,32
229,34
229,41
229,43
229,44
229,58
229,68
229,83
229,110
229,127
229,136
229,143
229,173
229,176
229,181
229,190
229,198
229,200
229,210
229,227
229,234
229,251
230,18
230,31
230,45
230,58
230,115
230,117
230,136
230,139
230,157
230,174
230,228
231,8
231,30
231,37
231,49
231,66
231,71
231,76
231,87
231,88
231,96
231,100
231,107
231,109
231,121
231,141
231,159
231,165
231,171
231,174
231,176
231,181
231,188
231,206
231,216
231,218
231,236
231,242
231,250
232,44
232,50
232,69
232,72
232,79
232,81
232,91
232,103
232,105
232,131
232,156
232,183
232,186
232,198
232,210
232,220
232,227
232,240
232,254
233,15
233,17
233,21
233,22
233,27
233,39
233,41
233,59
233,64
233,74
233,116
233,133
233,152
233,166
233,194
233,196
233,223
234,17
234,20
234,24
234,56
234,64
234,85
234,115
234,116
234,123
234,154
234,172
234,181
234,192
234,209
234,211
234,226
234,229
234,244
234,251
235,0
235,2
235,3
235,5
235,6
235,8
235,10
235,11
235,13
235,15
235,16
235,17
235,19
235,29
235,31
235,36
235,40
235,120
235,129
235,137
235,153
235,154
235,172
235,180
235,192
235,205
235,208
235,209
235,211
235,226
235,227
235,239
235,251
236,0
236,1
236,2
236,3
236,4
236,5
236,6
236,9
236,12
236,13
236,15
236,16
236,17
236,18
236,19
236,20
236,21
236,22
236,24
236,26
236,28
236,29
236,36
236,37
236,38
236,40
236,42
236,47
236,48
236,49
236,50
236,51
236,53
236,54
236,55
236,58
236,61
236,62
236,63
236,65
236,68
236,70
236,75
236,76
236,79
236,81
236,83
236,84
236,86
236,92
236,93
236,94
236,96
236,97
236,99
236,101
236,107
236,108
236,120
236,121
236,122
236,129
236,138
236,147
236,152
236,153
236,155
236,163
236,173
236,176
236,177
236,178
236,182
236,185
236,192
236,194
236,195
236,196
236,198
236,205
236,209
236,210
236,213
236,214
236,219
236,221
236,227
236,230
236,233
236,241
236,242
236,243
236,244
236,245
236,247
237,120
238,19
238,20
238,23
238,28
238,33
238,37
238,44
238,49
238,53
238,55
238,57
238,65
238,73
238,76
238,79
238,87
238,91
238,98
238,100
238,103
238,104
238,106
238,108
238,109
238,126
238,131
238,143
238,146
238,147
238,155
238,156
238,157
238,161
238,167
238,174
238,182
238,187
238,188
238,195
238,198
238,210
238,215
238,216
238,223
238,246
238,252
238,254
239,11
239,17
239,19
239,24
239,26
239,27
239,29
239,45
239,49
239,116
239,154
239,172
239,177
239,180
239,199
239,205
239,209
239,211
239,235
239,244
239,251
240,0
240,30
240,54
240,60
240,69
240,73
240,77
240,78
240,87
240,91
240,105
240,109
240,123
240,125
240,130
240,134
240,142
240,148
240,150
240,152
240,165
240,183
240,184
240,187
240,190
240,191
240,200
240,204
240,220
240,224
240,229
240,232
240,235
240,238
240,247
240,255
241,23
241,38
241,50
241,51
241,53
241,54
241,65
241,88
241,94
241,115
241,119
241,137
241,138
241,143
241,144
241,155
241,161
241,163
241,170
241,171
241,187
241,190
241,201
241,203
241,213
241,236
241,244
241,252
241,254
242,23
242,33
242,42
242,56
242,59
242,75
242,87
242,89
242,114
242,115
242,121
242,129
242,139
242,146
242,161
242,164
242,175
242,176
242,195
242,198
242,217
242,246
242,253
243,0
243,6
243,20
243,39
243,54
243,56
243,59
243,136
243,142
243,148
243,152
243,176
243,177
243,178
243,184
243,210
243,228
244,8
244,10
244,13
244,23
244,24
244,30
244,42
244,44
244,51
244,57
244,61
244,65
244,79
244,81
244,83
244,96
244,101
244,107
244,115
244,116
244,117
244,118
244,119
244,120
244,122
244,133
244,136
244,143
244,152
244,153
244,154
244,166
244,172
244,180
244,181
244,203
244,208
244,211
244,217
244,228
244,234
244,236
244,239
244,241
244,248
245,0
245,16
245,22
245,33
245,36
245,37
245,38
245,41
245,43
245,47
245,49
245,50
245,58
245,60
245,61
245,62
245,65
245,66
245,67
245,69
245,70
245,71
245,72
245,73
245,75
245,76
245,77
245,79
245,84
245,86
245,87
245,96
245,97
245,98
245,99
245,100
245,102
245,104
245,106
245,109
245,113
245,120
245,121
245,124
245,125
245,126
245,128
245,130
245,131
245,132
245,133
245,134
245,141
245,148
245,150
245,151
245,152
245,158
245,160
245,161
245,162
245,163
245,165
245,167
245,168
245,170
245,176
245,182
245,183
245,184
245,186
245,187
245,188
245,190
245,195
245,197
245,204
245,212
245,218
245,219
245,222
245,223
245,232
245,233
245,236
245,241
245,243
245,248
245,250
245,252
246,23
246,60
246,89
246,102
246,109
246,120
246,142
246,145
246,157
246,167
246,194
246,215
246,238
246,242
247,31
247,59
247,74
247,75
247,76
247,84
247,115
247,116
247,129
247,145
247,185
247,210
247,213
248,0
248,5
248,8
248,11
248,12
248,16
248,17
248,21
248,22
248,24
248,26
248,30
248,36
248,37
248,38
248,40
248,42
248,45
248,47
248,49
248,51
248,53
248,57
248,58
248,62
248,63
248,70
248,75
248,76
248,79
248,81
248,83
248,84
248,85
248,86
248,87
248,99
248,108
248,114
248,122
248,136
248,139
248,143
248,144
248,145
248,161
248,163
248,169
248,170
248,171
248,172
248,177
248,180
248,181
248,184
248,187
248,193
248,195
248,198
248,203
248,211
248,214
248,227
248,230
248,241
248,244
248,245
248,251
248,253
249,0
249,18
249,22
249,36
249,37
249,47
249,51
249,61
249,75
249,81
249,94
249,108
249,119
249,170
249,174
249,184
249,201
249,210
249,228
250,0
250,37
250,38
250,43
250,49
250,51
250,53
250,54
250,81
250,83
250,90
250,94
250,96
250,100
250,103
250,106
250,108
250,115
250,127
250,129
250,132
250,134
250,135
250,142
250,145
250,156
250,161
250,163
250,164
250,167
250,168
250,174
250,175
250,176
250,178
250,179
250,183
250,184
250,185
250,188
250,190
250,191
250,200
250,206
250,207
250,212
250,213
250,215
250,216
250,218
250,223
250,225
250,231
250,236
250,242
250,254
251,1
251,3
251,4
251,5
251,8
251,13
251,16
251,17
251,19
251,24
251,27
251,29
251,64
251,96
251,143
251,154
251,171
251,177
251,192
251,196
251,198
251,209
251,211
251,229
251,234
251,235
251,239
251,253
252,3
252,40
252,45
252,50
252,51
252,65
252,137
252,197
252,228
252,233
252,238
252,245
253,4
253,22
253,23
253,24
253,30
253,44
253,53
253,58
253,59
253,65
253,74
253,75
253,79
253,81
253,121
253,145
253,178
253,196
253,198
253,203
253,210
253,219
253,242
253,251
254,1
254,3
254,19
254,50
254,66
254,83
254,90
254,103
254,105
254,109
254,112
254,134
254,135
254,142
254,146
254,155
254,156
254,163
254,167
254,170
254,185
254,187
254,188
254,195
254,204
254,216
254,218
254,230
254,232
254,238
254,241
255,20
255,32
255,33
255,36
255,41
255,58
255,67
255,69
255,75
255,78
255,79
255,95
255,106
255,113
255,124
255,141
255,147
255,151
255,156
255,160
255,165
255,170
255,178
255,183
255,187
255,188
255,204
255,212
255,220
255,234
255,238
255,240
